-1
-1
1
2
3
4
5
5
5
5
5
5
5
5
5
5
5
5
5
5
5
5
5
5
5
1
2
3
4
5
5
5
5
5
5
5
5
5
5
5
5
5
5
5
5
5
5
5
-1
14
14
12
12
12
12
12
12
20
20
20
20
20
11
11
11
17
11
11
11
6
7
8
15
8
9
10
10
10
10
10
10
10
10
10
10
10
10
10
10
10
10
10
10
10
6
7
8
16
8
9
10
10
10
10
10
10
10
10
10
10
10
10
10
10
10
10
10
10
10
11
11
11
11
11
19
19
19
19
19
19
13
18
13
13
13
13
13
13
13
13