-1
0
1
2
3
4
5
6
7
5
9
10
11
5
13
14
15
5
17
18
19
5
21
22
23
1
25
26
27
28
29
30
28
32
33
34
28
36
37
38
28
40
41
42
28
44
45
46
1
48
49
48
51
52
53
54
55
56
57
58
59
60
1
62
63
64
63
66
67
68
69
70
71
70
73
74
75
76
74
78
79
80
74
82
83
84
74
86
87
88
74
90
91
92
68
94
95
96
95
98
99
100
101
99
103
104
105
99
107
108
109
99
111
112
113
99
115
116
117
68
119
68
121
122
123
124
125
123
127
128
123
130
123
132
123
134
135
134
137
138
