2048
37
4
51
24
188
83
1521
1681
122
160
1545
184
185
193
187
1544
1546
183
190
191
192
205
229
224
247
315
341
346
353
370
1782
395
1062
268
427
439
432
451
474
476
470
501
495
585
592
597
573
634
658
711
641
676
680
819
590
814
645
835
849
863
871
877
854
898
1017
992
1004
1012
1063
780
390
804
1130
1346
798
603
1590
1269
1358
1363
1393
1370
1489
1503
1510
1559
1564
1543
1556
1557
1558
1560
1561
1563
1565
1767
1575
988
1663
1272
1618
189
1850
1900
1937
1871
1872
1882
1924
1884
1887
1886
1921
8997
2033
1894
1881
1901
1880
1866
1932
1903
1906
2127
1943
2113
2176
2190
1982
1960
1980
42
1892
1994
2005
1981
2020
2034
1907
1967
2071
9081
2004
1947
2192
9203
1908
1945
2169
1958
9268
2180
2161
2165
2187
2207
2193
9307
2191
2205
2206
2288
2212
2223
2286
2220
2465
2226
9342
2236
2239
2351
2486
2407
2237
2416
2567
2261
2265
2419
2283
2230
2348
2426
2375
2399
2377
2378
2387
2412
9391
2433
2446
2453
2464
2461
2475
2340
2522
2536
2517
2547
2562
2268
2584
2592
2639
2660
3423
2671
2683
2668
2691
2693
2715
2725
2669
2677
2809
2837
2839
2840
2295
2861
2681
2890
2900
2894
3059
2931
2640
2930
2999
2949
2653
2850
3063
3007
2845
3129
3143
3167
2702
2700
3245
2706
3285
3332
3290
3400
3492
3498
3468
3566
3605
3622
3629
3652
3719
3759
3758
2787
3792
3806
4365
6
3938
4420
1
10
3897
4290
3909
3904
11612
4057
4146
4590
11284
4600
4694
5076
5078
5073
4931
4810
4846
2537
4819
4855
4827
4890
5382
4897
4925
5324
4934
4936
5446
4916
4970
4906
4892
5037
4958
5045
5072
5074
5077
5080
5103
5154
5216
5193
5212
5238
5462
5278
5328
4964
4960
5428
5431
4944
5360
5377
5409
5415
5445
5130
5058
5492
5474
5513
5555
5534
5503
5537
5576
5512
5618
5660
5666
5680
4817
5038
5075
4811
5774
5766
5893
5988
5990
5991
5832
5838
5874
5994
5872
6073
5892
5908
5761
5326
5880
5860
5930
6162
6125
6050
6160
5977
5999
5986
5987
5989
5995
5996
5997
5998
5911
5923
4800
5865
6145
6085
5975
6052
6155
6030
6225
6187
6226
13615
6202
6217
6216
6218
6270
6248
6264
6262
6210
6268
6259
6077
6334
7063
7070
6279
6298
7071
6360
6385
6449
13806
6389
6450
13805
6459
6401
6443
6446
6455
6456
6543
6488
6612
6538
6549
6600
13880
6620
6624
6622
6653
6655
6659
6690
6694
6686
6400
6740
6734
6726
6763
6771
6765
6792
6794
6796
6806
6889
14256
6834
14321
7066
7068
7073
7074
7079
7101
7089
7121
7116
7131
7112
7274
7269
7265
8603
7271
7165
8763
7273
8628
7275
8626
7204
7266
7270
7287
7350
7423
7306
7329
7311
7435
7477
7242
7428
7397
7514
7583
7521
7556
7558
7552
7533
7577
7674
7679
7685
7667
7655
7509
7723
7716
7727
7740
7762
7758
7793
7886
7896
7901
7953
7917
7936
7945
7931
7959
7980
8074
8354
8144
8099
8094
8145
8672
7672
8212
8086
7880
8745
8428
7472
8445
8440
8475
8452
8571
8642
7452
8645
8643
8625
8627
7267
8638
8639
8640
8641
8646
8657
8585
8647
8849
8592
7862
8070
8864
8700
8351
7272
8948
8932
8983
8953
8988
9073
8976
9016
8966
8974
9005
8968
9008
8985
8954
8962
9021
8963
9295
8982
9048
9088
9102
9302
2203
9124
9120
9133
8992
9230
8990
9057
9171
9215
9283
9290
9236
9266
9134
8989
2133
9100
9046
9072
9071
8969
9027
9224
9288
8964
9276
9271
9029
9031
9298
9301
9317
9299
9323
9403
9406
9379
9353
9351
9343
9350
9382
9493
9313
9315
9335
9400
9316
9332
9413
9525
9458
9992
9613
9466
9469
9338
9495
9666
9505
9646
9496
9530
9534
9544
9537
9538
9551
9546
2430
9586
9589
9578
9590
9600
9719
9517
9651
13088
9667
9564
9727
9706
9739
9678
9695
9701
9375
9708
9747
2604
9781
9795
9810
9825
9833
9835
9842
9857
9802
9811
9867
9813
9951
10309
9981
9982
9987
10091
10003
9979
10141
9823
10042
10072
9782
10073
10149
10032
10201
10205
10271
10285
9844
9848
10387
10432
10542
10427
10474
10565
9819
10708
10610
10640
10634
10036
10747
10764
10861
10794
10771
9929
10900
10901
10934
10948
3945
11737
4726
11734
11668
11649
11052
4177
11406
7085
14
7076
11090
11489
11048
11066
11597
4386
11287
4065
11878
11946
11915
12021
12340
12341
12338
12082
12343
12972
12090
12109
12118
12188
12623
12153
12194
12179
12197
12199
12223
12393
12233
12300
12221
12301
12308
12335
12337
12321
12336
12339
12366
12207
12475
12479
12501
12541
12417
12587
12591
12155
12169
12160
12640
12645
12672
12678
12227
12456
12691
12694
12708
12709
12725
12737
12775
12755
12766
12776
12800
12797
12881
12818
12839
12929
12923
12943
12985
12963
12589
13037
12074
13210
13010
13051
13093
13295
13298
13126
13158
13243
13167
13389
13085
13186
12073
13222
13173
13229
13477
13279
13290
13291
13292
13293
13294
13299
13300
13301
13302
13303
13207
12063
13148
13492
13361
13120
13185
13281
13363
13398
13442
13455
13484
13482
13385
13562
13613
13525
13535
13543
13553
13617
13554
13512
13561
13390
13552
6237
13575
13588
13548
13602
13607
13611
13619
13621
13604
14519
14521
14516
14518
13631
13686
14514
14511
13650
13754
13832
13841
13780
13794
13762
13767
13749
13757
13836
13842
13844
13808
13915
13869
13933
13938
13944
13998
14020
14024
14022
14059
14053
14055
14086
14090
14094
13778
13906
14128
14142
14136
14173
14167
14165
14198
14208
14194
14196
14254
6865
14230
13609
13609
13610
13610
13611
13611
13611
13612
13612
13612
13612
6125
6262
6263
6125
6263
13455
13455
6263
13609
13612
13609
6263
6262
6261
6265
6265
6261
6264
13610
6265
13615
13615
6265
6264
13612
6263
6265
6265
6263
6262
13610
13612
6265
13608
13607
13442
13609
13608
13455
13455
13608
13442
13609
13612
13608
13607
13614
13606
13606
13614
13613
13610
13615
13614
13614
13615
13613
13612
13614
13608
13608
13614
13607
13612
13610
13614
