1
2
4
12
13
14
16
20
22
24
26
28
2019
2032
57
33
34
35
37
38
39
40
2091
42
46
17
3
51
50
52
53
56
58
1845
188
1848
67
187
184
75
80
79
78
83
82
87
92
91
100
102
178
106
107
112
113
1545
117
120
122
185
164
186
1555
1546
1544
160
169
153
173
109
182
183
189
190
191
192
193
200
205
212
217
223
224
252
229
194
216
241
243
245
247
249
271
268
251
310
301
315
286
324
337
341
346
353
358
369
370
378
376
372
384
1656
386
390
395
352
359
260
237
416
411
445
486
427
443
432
439
444
451
481
456
464
612
435
430
468
472
473
474
476
478
470
513
501
495
560
528
563
568
622
572
573
580
581
586
585
590
592
782
597
603
591
605
611
618
613
646
688
634
641
631
658
714
653
682
670
675
676
678
680
674
652
710
697
711
713
717
762
766
770
819
775
765
781
783
1712
798
804
806
774
627
814
645
847
830
843
844
835
858
826
895
842
916
854
859
863
892
849
871
873
875
876
877
879
898
881
945
1013
1018
971
1008
975
976
1293
988
992
982
999
1002
1004
1064
1012
1017
1605
1183
1051
1131
1062
1063
587
1061
1079
1080
1055
1112
1143
1130
790
1138
1139
780
1590
1022
1123
1027
1222
357
1237
593
1240
1261
1268
1269
1270
1043
1036
1267
1283
1303
1352
1343
1489
1381
1351
1346
1358
1363
1370
1373
1433
1391
1393
1389
1428
1397
1367
1379
1461
1484
1567
1498
1502
1503
1506
1539
1510
1513
1515
1517
1521
1564
1562
1526
1654
1529
1536
1537
1543
1547
165
1556
1557
1558
1559
1560
1561
1563
1565
1566
1714
1575
1577
1495
1499
1627
1626
1772
1639
1645
1650
1660
1663
1670
1523
1665
1677
1681
1706
1703
1737
1744
981
1272
1697
1763
1630
1649
1767
1768
1652
1788
1782
1488
1829
1618
1846
62
1861
1850
1851
1854
1855
1856
1857
1858
1859
1860
1862
1863
1876
1865
1866
1867
1868
1869
1870
1871
1872
1873
1874
1878
1879
1880
1881
1882
1883
1884
1885
1886
1887
1888
1889
1890
1892
1893
1894
1895
1896
1897
1898
1902
1905
1906
1907
1908
1910
1911
1912
1913
1914
1915
1916
1917
1900
1919
1920
1921
1922
1923
1924
1925
1926
1927
1928
1929
1930
1901
1932
1903
1875
1935
1936
1937
1939
1940
1941
1942
1943
1945
1946
1947
1948
1949
2042
1951
1952
1953
1954
1955
1956
1957
1958
1959
1960
1961
1962
1963
1964
1966
1968
1969
1970
1971
1972
2064
2046
1977
1978
1980
1981
1982
1983
1984
1985
1986
1988
1989
1992
1993
1994
1999
2000
2001
2002
2003
2004
2005
2009
2010
2169
2177
2014
2016
2030
2022
2023
2024
2025
2026
2197
2033
2034
2035
2111
2037
2039
2043
2044
2045
2047
2048
2049
2050
2051
2052
2053
2054
2055
2056
2057
2059
2060
1967
2066
2068
2071
2072
2074
2075
2077
2078
44
2081
2115
2088
2089
2090
2092
1987
2137
2098
2100
2101
2102
2027
2104
2015
2106
2170
2108
2109
2113
2114
2118
2119
2121
2122
2123
2124
2125
2127
2153
2129
2130
2131
2132
2133
2134
2135
2138
2139
2140
2150
2142
2144
2143
2146
2020
2120
2156
2158
2159
2160
2161
2163
2164
2165
2166
2099
2168
2171
1944
2176
2179
2180
2181
2182
9111
2117
2186
2187
2188
2189
2191
2192
2193
2194
2195
2196
2198
2200
2201
2203
2204
2205
2206
2207
2208
2190
2210
2211
2212
2213
2214
2216
2218
2220
2223
2224
2225
2226
2227
2228
2229
2230
2231
2232
2233
2235
2236
2237
2239
2240
2242
2247
2352
2251
2252
2253
2254
2255
2336
2258
2259
2260
2262
2263
2261
2265
2266
2267
2268
2269
2270
2271
2573
2273
2274
2278
2279
2280
2281
2282
2283
2284
2286
2287
2288
2289
2290
2291
2292
2293
2299
2302
2306
2295
2636
2337
2305
2341
2331
2321
2368
2327
2320
2335
2340
2342
2343
2345
2346
2347
2348
2349
2350
2351
2355
2358
2361
2364
2365
2370
2371
2407
2399
2375
2376
2377
2378
2245
2381
2243
2386
2387
2390
2353
2411
2372
2400
2404
2406
2384
2412
2413
2415
2416
2417
2418
2419
2420
2275
2422
2423
2424
2425
2426
2427
2428
2429
2430
2433
2434
2435
2437
2439
2446
2448
2451
2452
2453
2456
2458
2459
2462
2461
2464
2465
2468
2467
2470
2472
2473
2474
2476
2475
2478
2486
2487
2494
2495
2409
2479
2498
2248
2397
2508
2517
2401
2519
2522
2527
2525
5367
2535
2537
2538
2539
2536
5732
2546
2547
2548
2549
2551
2555
2559
2560
2561
2562
2564
2572
2567
2568
2570
2571
2577
2584
2589
2592
2604
2605
2600
2579
2492
2639
2641
2727
2658
3424
2660
2661
2735
2668
2671
2664
2683
2642
2654
2691
2692
2693
2700
2703
2706
2765
2715
2679
2776
2725
2669
2733
2677
2770
2720
2787
2805
2806
2783
2809
2824
2827
2784
2818
2837
2839
2840
2937
2297
2845
2303
3129
2949
2859
2853
2861
2822
2870
2681
2890
2848
2894
3591
2900
2901
2898
2917
2907
2920
2921
3617
2913
2931
2640
2850
2930
2929
2954
2956
2968
2965
2970
2978
2985
3111
3109
2997
2999
3007
3010
3050
3019
2722
3038
3104
2851
3056
2653
3059
3061
3063
3077
3078
3080
2980
3089
3064
3017
3114
3115
3118
3119
3123
2941
3139
3143
3081
3151
3167
2878
2834
3189
2981
3076
3068
2844
3238
3233
3245
2704
2766
3261
2702
3264
3269
3251
3275
3289
2698
3285
3290
3283
3297
3318
3309
3326
3314
3322
3279
3332
3334
3336
3330
3331
3373
3364
3400
3423
3429
2740
3435
3456
3451
3492
3468
3475
3480
3459
3491
3498
3500
3496
3497
3469
3502
3461
3566
3589
3605
3622
3629
3646
3632
3634
3693
3650
3652
3654
3656
3740
3651
3719
3743
3758
3746
2785
3749
3759
3771
3761
3764
3792
3791
3783
3804
3808
3806
3802
3805
3810
3847
3874
3897
4365
3904
3924
3922
3921
4328
4276
3909
3940
4227
3995
4383
3993
4564
4507
4656
4061
4736
4711
4177
4238
4240
6
3939
0
8
4257
10
3911
3920
3936
3932
4290
3923
4301
3935
3938
3934
4312
3943
4320
4337
4397
3907
4151
4378
4386
4390
4072
4420
4097
4434
4136
4162
4451
4057
4461
4161
3991
4485
4148
4496
4517
4515
4146
4132
4559
4041
4014
4614
4600
4616
4627
4645
4065
4651
4694
11930
4666
3980
4685
4726
4048
5076
5079
4816
5073
4931
4786
4828
4837
4795
4798
4800
5326
4809
4810
4812
4814
4815
4817
4818
4819
4820
4822
4841
4853
4855
4861
4827
4846
4880
4873
5371
4890
4891
4892
5390
4897
4898
4905
4906
4907
5360
4917
4979
4925
4927
4930
4932
4935
4936
5339
5006
4955
4964
4962
4960
4956
4970
4971
4972
4973
5068
4976
4909
4916
4937
4944
4948
5007
5008
4958
5010
5012
5017
5018
5013
5023
5024
5025
5028
5030
5088
5032
5034
5036
5037
5085
5041
5044
5045
5047
5049
5051
5052
5072
5058
5062
5070
5074
5075
5077
5078
5080
5038
4780
5091
5094
5099
5103
5116
5113
4949
5130
5132
5343
5264
5154
5218
5217
5227
5160
5163
5165
5184
5409
5412
5415
5418
5193
5194
5216
5394
5430
5209
5210
5212
5214
5215
5225
5232
5238
5285
5155
5252
4924
5260
5239
5293
5288
5157
5297
5300
5164
5309
5317
5316
5470
5324
4934
5328
5414
5417
4961
5423
4957
5429
5337
5363
5348
5353
5356
5355
5350
5352
5341
5377
5378
4886
4885
5393
4896
5382
5392
4866
4867
5410
5413
5416
5420
5421
5425
5427
5428
5431
5445
4811
5435
4951
5443
5441
5446
5395
5450
5278
5462
5303
5471
5463
5487
5492
5474
5476
5479
5512
5513
5515
5503
5485
5572
5518
5521
5549
5534
5537
5525
5555
5561
5576
5597
5578
5622
5589
5618
5639
5660
5666
5670
5680
5730
5087
5701
5381
5731
5699
5706
5084
5733
5735
5736
5737
5744
5742
5745
5749
5691
5754
5758
4803
4804
5760
5761
5751
5766
5776
5769
5774
5784
5800
5795
5777
5791
5808
5805
5826
5814
5990
5991
5993
5815
5832
5836
5838
5840
5827
5845
5830
5847
5851
5852
5856
5857
5858
5860
6018
5868
5872
6000
5874
5912
5878
5880
5881
5884
5886
5888
5890
5892
5893
5900
5898
5904
5905
5885
6004
5908
5909
6005
5913
5917
5918
5919
5740
5923
5925
5927
5933
5932
5930
5750
5865
5939
6039
6360
5951
5953
6080
5957
5959
6161
6162
6035
5958
5960
5975
5976
5977
6158
6121
6092
6085
6102
5984
5985
5986
5987
5988
5989
5992
5994
5995
5996
5997
5998
5999
5911
5929
6008
5931
6012
6024
5866
5854
6040
6147
6068
6049
6155
6052
6070
5876
6073
6075
6050
5956
6106
6088
6093
6101
6104
5961
6110
6132
6145
6125
6140
6064
6160
6171
6030
6032
6176
6178
6179
6180
6184
6182
6183
6187
6188
6192
6190
6197
6199
6200
6202
6203
6201
6209
6210
6212
6213
6215
6216
6217
6218
6225
6221
6222
6226
6227
6077
6229
6230
6231
6236
6233
6237
6234
6235
6240
6241
6243
6248
6272
6252
6253
6255
6256
6258
6259
6261
6262
6264
6266
6267
6268
6270
6271
6273
6274
6275
6283
6287
6277
6278
6351
6296
6308
6279
6311
6280
6336
6327
6323
6319
6334
6318
6337
6340
6341
7069
6346
6347
6298
6293
6354
6363
6029
6481
6384
6383
6385
6386
6387
6389
6390
6391
6454
6393
6456
6422
6396
6400
6403
6410
6413
6412
6414
6415
6416
6417
6418
6419
6421
6423
6424
6427
6399
6401
6429
6524
6435
6408
6441
6443
6445
6446
6447
6450
6449
6451
6452
6455
6457
6458
6459
6462
6523
6488
13870
6487
6516
6504
6505
6506
6509
6510
6511
6502
6520
6433
6404
6546
6540
6528
6544
6538
6543
6556
6551
6560
6554
6549
6577
6584
6604
6612
6601
6600
6598
6494
6618
6620
6622
6624
6634
6623
6632
6627
6648
6621
6653
6655
6663
6659
6661
6656
6654
6680
6681
6688
6690
6700
6694
6689
6696
6698
6686
6714
6713
6687
6720
6721
6723
6512
6726
6728
6731
6740
6734
6729
6736
6753
6751
6759
6761
6763
6765
6767
6762
6769
6771
6773
6786
6784
6764
6792
6794
6796
6800
6818
6802
6804
6806
6798
6793
6799
6820
6827
6870
14256
6886
6889
6841
7055
6862
6846
6839
6838
6834
6840
7030
6865
14228
14358
6830
14248
7033
7063
7064
7065
7066
7067
7068
7070
7071
7072
7073
7074
7075
7076
7077
7079
7081
7083
7087
7088
7093
7094
7078
7097
7099
7101
7103
7105
7089
7136
7113
7114
7116
7121
7126
7130
7131
7132
7133
55
9094
7138
7139
7140
7112
7144
7274
8932
7268
7264
7265
7157
7271
7161
7160
7162
7164
7169
7165
7173
7174
7182
7184
7188
7195
7199
7275
7247
7204
8626
8629
8628
7235
7242
7246
7191
7255
7260
7189
7251
7266
7269
7270
7272
7273
7282
7287
7342
7294
7299
7298
7406
7306
7311
7323
7325
7327
7329
7331
7333
7334
7305
7392
7353
7350
7368
7383
7397
7319
7493
7435
7472
7440
7441
7194
7454
7452
7451
7460
7458
7477
7423
7428
8213
7439
8143
7276
7419
7498
7509
7514
7568
7521
7526
7538
7525
7546
7550
7554
7555
7556
7558
7560
7563
7552
7533
7583
7595
7517
7527
7577
7610
7642
7650
7655
7695
7662
7667
7668
7673
7674
7675
8319
7679
7663
7685
7687
7693
7694
7645
7512
7700
7654
7704
7713
7716
7709
7723
7728
7727
7735
7740
7762
7752
7757
7758
7760
7764
7756
7779
7795
7792
7796
7799
7793
7844
7852
7857
7856
7863
7865
7880
7847
8785
8221
7886
7888
7872
7864
7734
7896
7848
7770
7901
7908
7912
7917
7924
7926
7929
7931
7936
7963
7961
7940
7941
7945
7925
7953
7955
7957
7958
7959
7998
7974
7977
7980
8027
8053
8090
8058
8375
8070
8074
8064
8081
8084
8086
8826
8095
8100
8099
8094
8057
8109
8118
8385
7468
7434
8145
8162
8672
7672
8225
8212
8146
8220
8161
7862
8144
8194
8125
8304
8104
8205
8133
8343
8137
8322
8350
8351
8063
8349
8365
8265
8433
8449
8428
8440
8570
8445
8463
8455
8461
8434
8452
8473
8475
8479
8515
8471
8510
8543
8571
8577
8687
8580
8584
8585
8588
8592
8642
8597
8599
7202
8603
8605
8608
8611
8643
8645
8850
8618
8619
8354
8621
8625
8627
7267
8637
8638
8639
8640
8641
8644
8646
8647
8649
8745
8657
8566
8648
8425
8659
8700
8352
8709
8708
8854
8721
8732
8731
8734
8738
8742
8595
8747
8788
7669
8796
8819
8794
8752
8759
8763
8779
8736
8849
7466
8727
8864
8870
8845
8581
8911
8712
8927
8928
8930
8933
7149
8947
8936
8937
8938
8939
8940
8941
8942
8943
8944
8945
8948
8949
8950
8951
8952
8953
8954
8955
8956
8957
8958
9014
8960
8961
8962
8963
8964
8965
8966
8967
8968
8969
8970
8971
8972
9074
8974
8975
8976
8977
8978
8979
8980
8983
8984
8985
8987
8988
8989
8990
9098
8992
8993
8994
8995
8996
8998
8999
9000
9001
9003
9004
9005
9006
9007
9008
9009
9010
9011
9012
9013
9016
9019
9020
9021
8982
9023
9024
9025
9026
9027
9028
9030
9031
9032
9033
9035
9038
9039
9041
9042
9043
9044
9045
9046
9047
9048
9049
9050
9051
9052
9055
9058
9059
9054
9062
9063
9069
9071
9072
9073
9075
9076
9077
9079
9080
9081
9139
9085
9086
9087
7118
7119
9060
9095
9096
9097
9099
9102
9088
9238
9236
9108
9209
9113
9114
9115
9305
9120
9122
9123
9124
9127
9307
9130
9132
9133
9134
9135
9142
9144
9145
9146
9147
9148
9149
9150
9151
9152
9153
9154
9155
9156
9157
9159
9160
9057
9168
9164
9068
9166
7117
9177
9171
9172
9174
9175
9178
7123
9181
9100
9183
9217
9188
9189
9190
9191
9192
9078
9198
9199
9200
9201
9202
9203
9205
9207
9211
9213
9143
9215
9216
9219
9220
9221
8997
9223
9224
9225
9226
9227
9228
9264
9230
9232
9233
9234
9235
9237
9239
9241
9242
9243
9244
9247
9248
9251
9119
9137
9255
9056
9246
9258
9037
9261
9125
9263
9265
9266
9269
9268
9270
9271
9272
9275
9276
9277
9278
9274
9029
9288
9283
9284
9107
9287
9289
9290
9294
9295
9296
9298
9299
9301
9302
9303
9304
9306
9308
9297
9310
9311
9313
9314
9315
9316
9317
9318
9320
9322
9323
9324
9325
9328
9400
9330
9332
9335
9336
9337
9338
9339
9340
9342
9343
9344
9345
9347
9341
9349
9350
9351
9353
9354
9384
9356
9664
9499
9357
9365
9366
9368
9369
9372
9373
9374
9375
9376
9377
9379
9380
9381
9382
9383
9385
9708
9388
9389
9391
9346
9395
9396
9397
9398
9399
9401
9403
9404
9405
9406
9407
9408
9409
9410
9411
9394
9413
9421
9423
9439
9415
9417
9420
9445
9424
9438
9449
9488
9454
9455
9613
9458
9459
9460
9461
9463
9464
9465
9466
9467
9469
9470
9471
9473
9361
9476
9359
9468
9482
9483
9453
9367
9486
9493
9494
9495
9502
9504
9505
9489
9508
9666
9518
9519
9530
9515
9490
9517
9522
9524
9525
9529
9531
9496
9533
9534
9535
9536
9537
9538
9390
9540
9541
9542
9543
9544
9545
9547
9548
9552
9551
9553
9546
9555
9479
9557
9566
9570
9569
9574
9577
9578
9576
9581
9587
9583
9584
9586
9589
9590
9592
9593
9595
9597
9598
9599
9600
9603
9604
9654
9527
9614
9622
9619
9623
13088
9627
9601
9362
9646
9648
9667
9668
9637
9651
9656
12963
13005
12974
12058
9564
9669
13007
9677
9679
9680
9682
9686
9697
9690
9693
9694
9695
9706
9700
9701
9702
9704
9705
9707
9714
9712
9724
9735
9719
9727
9747
9739
9740
9745
9750
9678
13077
9778
9781
9782
9784
9796
9813
9795
9800
9806
9810
9811
9912
9875
9819
9825
9833
9834
9835
9862
9842
9844
9848
9857
9867
9869
9803
9877
9882
9907
10406
10159
9951
9925
9929
9926
9944
9947
9948
9966
9960
9964
9969
9979
9981
9982
9986
9987
9990
9992
10127
10091
10001
10003
10012
9823
10020
10112
10251
10036
10049
10040
10055
10062
10063
10059
10180
10071
10072
10073
9783
10079
10083
10192
9995
10096
10098
10331
10110
10205
10122
10253
10139
10141
10256
10149
9864
9918
9993
10032
10198
10201
10203
10120
10161
10210
10222
10206
10231
10246
10152
10257
10260
10265
10261
10271
10281
10293
10309
9821
10219
10123
10107
10285
10223
10218
10380
10220
10375
9840
10393
9845
9846
10403
9908
10411
10387
10417
10421
10427
10432
10425
10439
10464
10451
10456
10431
10460
10468
10473
10476
10472
10474
10515
10506
10478
10542
10565
9802
10571
10577
10622
10601
10566
10593
10598
10603
10633
10610
10638
10639
10640
10642
10644
10634
10611
10617
10708
10731
10042
10733
10747
10764
10882
10759
10774
10043
10771
10776
10788
10835
10792
10793
10794
10796
10798
10861
10885
10891
10888
10901
10906
9927
11016
10900
10913
10950
10933
10934
10883
10925
10944
10946
10947
10948
10952
10989
3895
11572
11048
11055
11064
11065
11067
11068
11500
11076
11471
11078
11079
11080
11082
3945
3944
11091
11511
11438
11092
11489
11832
11737
11147
11315
11165
11167
11725
11670
11224
11040
11206
11668
11604
11976
12021
11855
11233
11235
11210
11946
11921
11244
11246
11248
11249
11888
11649
11612
11989
11865
11128
11303
11307
11284
11052
11356
11416
11406
11429
11431
7090
11450
7085
11477
11083
11090
11066
11062
11050
11542
11038
11093
11084
11587
11305
11145
11597
11287
11300
11657
4160
11299
11286
11792
11734
4590
4619
11926
11230
11878
11915
11960
11132
11952
11974
4766
12340
12341
12338
12193
12195
12049
12091
12630
12611
12343
12063
12980
13006
12066
12067
12043
12073
12074
12075
12077
12078
12079
12081
12082
12083
12085
12100
12143
12118
12188
12124
12130
12109
12136
12104
12116
12641
12153
12148
12655
12154
12159
12161
12155
12168
12169
12170
12172
12194
12200
12179
12180
12190
12197
12198
12199
12423
12207
12271
12211
12270
12218
12219
12220
12221
12273
12223
12224
12225
12275
12227
12239
12242
12090
12214
12269
12276
12280
12281
12286
12287
12288
12291
12293
12351
12295
12297
12299
12300
12348
12312
12307
12308
12310
12304
12314
12315
12233
12704
12321
12234
12336
12325
12337
12333
12236
12335
12339
12342
12331
12301
12354
12357
12362
12366
12379
12376
12393
12395
12604
12556
12427
12418
12129
12606
12472
12426
12473
12475
12477
12478
12479
12480
12481
12456
12420
12488
12490
12495
12501
12502
12417
12187
12527
12515
12572
12541
12523
12551
12560
12563
12447
12566
12428
12579
12580
12548
12587
12589
12591
12698
12602
12212
12626
12080
12613
12623
12615
12616
12618
12619
12634
12149
12640
12644
12645
12160
12653
12657
12658
12656
12672
12673
12675
12676
12677
12678
12679
12680
12681
12683
12684
12686
12457
12688
12690
12691
12692
12693
12694
12600
12235
12708
12706
12709
12713
12725
12726
12733
12734
12737
12739
12742
12766
12748
12750
12755
12788
12775
12776
12778
12784
12797
12781
12824
12885
12818
12800
12835
12812
12839
12841
12852
12860
12881
12929
12902
12933
12923
12943
12985
13025
5711
13004
12952
12350
12972
12347
12964
12072
13009
13011
13010
13014
13016
13019
13018
13026
13027
13030
13034
13036
13037
13020
13043
13046
13051
13053
13054
13061
13068
13072
13085
13093
13289
13115
13102
13103
13124
13126
13133
13118
13295
13296
13128
13114
13135
13120
13139
13144
13324
13152
13158
13159
13161
13148
13167
13169
13171
13174
13177
13179
13181
13178
13183
13185
13192
13389
13195
13197
13082
13306
13207
13208
13210
13211
13212
12061
13216
13218
13217
13222
13224
13226
13228
13230
13231
13232
13229
13376
13255
13351
13403
13260
13263
13264
13398
13288
13290
13291
13292
13293
13294
13297
13298
13299
13300
13301
13302
13303
13304
13186
13203
13204
13309
13310
13313
13145
13317
13319
13239
13146
13330
13142
13140
13712
13343
13349
13716
13360
13361
13262
13420
13165
13380
13382
13173
13568
13387
13350
13393
13265
13280
13257
13279
13407
13426
13422
13261
13281
13363
13464
13437
13442
13450
13455
13466
13243
13477
13459
13480
13484
13482
13483
13501
13385
13503
13504
13505
13509
13507
13508
13512
13513
13517
13515
13520
13521
13526
13615
13525
13613
13532
13533
13534
13536
13530
13535
13542
13543
13546
13545
13547
13548
13553
13550
13552
13554
13562
13557
13558
13561
13563
13564
13566
13567
13570
13576
13572
13573
13574
13575
13579
13580
13594
13583
13588
13390
13595
13597
13599
13600
13551
13602
13603
13604
13627
13606
13607
13611
13616
13617
13618
13619
13621
13622
13623
13624
13625
13626
13650
13629
14521
13635
14519
13639
13645
13630
13648
14515
13698
13632
14516
13660
13631
13686
13689
13670
13671
13675
14512
13679
13663
13688
13692
13693
13699
13703
13706
13418
13492
13342
13336
13417
13819
13742
13745
13746
13747
13748
13749
13754
13751
13752
13753
13755
13757
13759
13760
13761
13763
13765
13766
13767
13770
13772
13845
13778
13771
13780
13781
13786
13783
14122
13787
13792
13821
13794
13796
13797
13798
13799
13800
13801
13802
13803
13762
13805
13806
13807
13808
13811
13813
14123
13827
13915
13829
13832
13831
13833
13835
13836
13837
13838
13841
13840
13842
13843
13844
13777
14125
13737
13886
13873
13995
6497
13869
13999
13884
13880
14002
14010
13896
13898
13899
13900
13904
13905
13906
13918
13911
13910
13933
13919
13935
13923
13817
13938
13788
13941
13944
13946
13939
13949
13951
13955
13972
13996
13993
13979
13890
13998
14014
13903
14018
14020
14048
14022
14024
14021
14034
14027
14023
14032
14055
14056
14080
14054
14053
14059
14081
14063
14061
14086
14087
14088
14090
14114
14096
14089
14100
14113
14094
14098
13785
14121
13848
14153
14130
14142
14155
14128
14131
14133
14138
14136
14161
14163
14165
14167
14188
14186
14173
14164
14175
14166
14171
14169
14194
14196
14198
14222
14200
14201
14195
14206
14220
14208
14204
14202
14227
14242
14237
14254
14258
14398
14282
14321
6856
14275
14508
14266
14233
14257
14246
14294
14326
14230
14511
14513
14514
14517
14518
14520
13609
13609
13610
13610
13611
13611
13611
13612
13612
13612
13612
6125
6262
6263
6125
6263
13455
13455
6263
13609
13612
13609
6263
6262
6261
6265
6265
6261
6264
13610
6265
13615
13615
6265
6264
13612
6263
6265
6265
6263
6262
13610
13612
6265
13608
13607
13442
13609
13608
13455
13455
13608
13442
13609
13612
13608
13607
13614
13606
13606
13614
13613
13610
13615
13614
13614
13615
13613
13612
13614
13608
13608
13614
13607
13612
13610
13614
