16
24
28
33
37
40
42
46
4
51
20
53
56
1845
188
83
78
87
92
122
107
112
1545
184
185
165
186
187
1544
160
169
173
182
183
190
191
192
193
212
217
243
194
216
224
247
229
268
249
310
315
386
341
346
353
370
372
384
390
395
1062
260
237
205
427
439
432
451
481
430
474
476
470
501
495
560
445
603
586
585
590
592
782
597
605
573
646
688
634
641
631
658
762
653
676
678
680
711
765
819
775
804
1712
806
627
814
645
835
1017
849
895
916
854
863
871
875
877
881
898
1018
971
844
1293
988
992
982
999
1004
1012
1605
1051
1063
780
1706
1138
1055
1143
1130
1590
1346
798
357
1268
981
1183
1269
1506
1489
1358
1363
1373
1393
1428
1370
1433
1379
1351
1567
1498
1503
1618
1510
1559
1521
1564
1562
1543
1546
1556
1557
1558
1560
1561
1563
1565
1575
1767
1650
1663
1697
1681
1272
1627
1566
1768
1782
1488
1577
189
1861
1850
1868
1857
1859
1860
1875
1900
1866
1869
1871
1872
1882
1883
1884
1887
1982
1919
1895
1921
1937
1905
1908
1910
2045
2023
2033
1894
1916
1881
1924
1873
1880
1929
1930
1901
1932
1903
1935
1906
2127
1941
1942
1943
1949
2182
2189
2190
1956
1889
1958
2138
1960
1961
1963
1966
1968
1962
2091
1886
1971
2048
1980
1981
1892
1989
2046
1994
35
2146
1987
2005
2170
2014
2030
8997
9039
2034
2043
1907
2051
1967
2068
2071
2078
2004
2115
2117
1948
1947
2111
2176
2169
2177
2108
2109
2114
2118
2121
1945
1944
2133
2134
2139
2140
2047
1983
2020
2120
9268
2158
2159
2054
2161
2125
2164
2165
2166
2099
2113
2180
2181
2186
2187
2188
2192
2193
2197
2191
2201
2204
2205
2206
2208
2210
2211
2212
2223
2286
2220
2225
2226
2228
2229
2230
9342
2236
2239
2240
2352
2375
2407
2486
2336
2237
2416
2262
2263
2261
2265
2266
2268
2419
2233
2278
2281
2282
2283
2213
2288
2289
2290
2292
2207
2302
2305
2295
2370
2252
2347
2348
2351
2423
2368
2399
2377
2378
2404
2427
2384
2412
2387
2417
2420
2275
2425
2426
2428
2430
2433
2439
2446
2461
2453
2462
2459
2465
2473
2467
2464
2472
2340
2475
2527
2409
2476
2536
2397
2517
5367
5732
2547
2549
2562
2572
2567
2571
2577
2584
2592
2600
2522
2639
2641
2660
2658
2661
2671
2683
2668
2691
2693
2700
2706
2715
2776
2725
2669
2733
2677
2787
2824
2809
2827
2837
2839
2840
2297
2845
2861
2805
2870
2681
2890
2894
2900
2907
2920
2913
2931
2640
2930
2929
2999
2968
2965
2949
2997
3109
3007
3050
3056
3104
2850
2653
3059
3063
3068
2980
2654
3115
2306
2844
3129
3143
3167
3189
2981
3261
2702
3264
3245
3251
3290
3285
3309
3318
3332
3330
3400
3429
3423
3492
3496
3498
3497
3468
3566
3605
3622
3629
3650
3719
3652
3743
3758
2785
3749
3759
3792
3764
3783
3804
3806
3808
3874
3897
4365
3904
3924
3939
4177
4148
4766
12
6
1
10
3943
4290
4301
4312
3938
4420
3909
4386
4136
4451
4057
4496
4146
4507
4065
4616
4666
4645
4600
4694
4726
12021
5076
5079
5073
4931
4786
4846
5381
5326
2537
4810
4800
4819
4828
4841
4855
4827
4880
4890
4891
5382
4897
4898
4907
4925
4917
4935
4936
5446
4960
4970
4973
4916
4937
4944
5007
4958
4964
5017
4892
5024
5030
5088
5037
5034
5041
5045
5049
5051
5072
5441
4976
5074
5075
5077
5078
5080
5038
4817
5103
5130
5132
5264
5216
5164
5165
5418
5193
5218
5430
5212
5238
5154
4979
5285
5157
5462
5300
5278
5324
4934
5328
5417
5423
5428
5431
5363
4906
5360
5377
5378
5371
5409
5415
5420
5425
5445
4951
5058
5450
5471
5487
5492
5474
5512
5513
5485
5555
5534
5537
5503
5561
5576
5597
5622
5589
5618
5639
5660
5666
5680
5731
5699
5084
2538
5736
4811
4803
5760
5761
5751
5776
5766
5774
5777
5784
5808
5826
5814
5990
5991
5993
5832
5838
5840
5827
5874
5851
5860
5872
6073
5892
5893
5905
5885
5908
5909
5918
5919
5880
5939
5930
5975
6162
6125
5958
6160
5977
5984
5985
5986
5987
5988
5989
5992
5994
5995
5996
5997
5998
5999
5911
5923
5932
5865
6040
6145
5876
6050
6085
6106
6088
5847
6110
6039
6052
6155
6030
6360
6178
6184
6182
6187
6188
6190
13615
6199
6200
6202
6201
6209
6210
6217
6215
6216
6218
6225
6226
6227
6077
6230
6231
6236
6237
6235
6248
6234
6253
6259
6261
6262
6264
6266
6268
6270
6267
6274
6275
6283
6287
6346
6334
6279
7065
6319
6337
6311
7069
6347
6298
7071
6158
6410
6449
6389
6454
6456
6422
6396
6385
6414
6416
6417
13805
6424
6401
6524
6443
6446
6447
6450
6455
6458
6462
6543
6488
13870
6612
6504
6506
6459
6481
6538
6528
6560
6549
6556
6584
6600
14002
6393
6620
6622
6624
6623
6653
6659
6655
6654
6681
6690
6700
6694
6686
6714
6689
6400
6512
6726
6731
6740
6734
6729
6759
6763
6767
6762
6771
6773
6765
6764
6792
6794
6793
6802
6804
6806
6799
6796
6889
14256
6834
6827
6838
6865
14282
7063
7066
7068
7070
7072
7073
7074
7081
7093
7079
7101
7105
7089
7114
7116
7121
7126
7131
7132
55
9094
7139
7138
7112
7274
7268
7264
7265
7160
7271
7169
7165
8763
7174
7273
7251
7275
7247
8626
8628
7242
7194
7255
7204
7189
7266
7270
7272
7287
7342
7294
7299
7298
7397
7306
7329
7331
7325
7392
7311
7350
7319
7435
7472
7477
7454
7428
8070
7276
7423
7514
7583
7521
7563
7556
7558
7552
7533
7577
7642
7655
7674
7667
7668
7679
7439
7685
7687
7527
7512
7509
7713
7716
7709
7723
7728
7727
7735
7740
7762
7760
7758
7793
7770
7844
7857
7864
7880
7847
8794
7886
7888
7896
7901
7953
7917
7936
7963
7931
7945
7926
7957
7959
7998
7977
7980
8053
8375
8074
8064
8354
8081
8100
8099
8094
8659
8265
7468
8145
8672
7672
8225
8212
8086
8220
8788
8144
8428
8133
8137
8351
8063
8433
8440
8570
8445
8455
8461
8515
8452
8475
8510
8571
8580
8585
8642
8603
7452
8645
8850
8643
8700
8625
8627
7267
7269
8638
8639
8640
8641
8644
8646
8649
8745
8657
8648
8588
8350
8647
8732
7466
8849
8592
7862
8779
8864
8687
8709
8927
8932
9014
8948
8939
8941
8942
8943
8957
8950
8951
8953
8954
8955
8983
8963
8964
8965
8966
8988
8982
8971
8974
8976
9000
9016
8987
8989
9003
8977
9005
8968
9008
8985
8969
9013
9019
8962
9021
9025
9026
9028
9266
9031
9032
9033
9263
9044
9046
9048
9049
9050
9058
9054
9062
9073
9072
9051
9080
9081
9139
9146
7119
9191
9148
9102
9088
9238
9236
9209
9113
9284
2203
9124
9307
9120
9133
9289
9290
8992
9145
9147
9151
9154
9216
8990
9244
9057
9168
9178
9171
7133
9181
9217
9078
9199
9213
9143
9215
9219
9220
9223
9123
9134
9228
9264
9230
9111
9100
9242
9243
9074
9071
9251
9056
9027
9224
9288
9270
9271
9276
9277
9029
9283
9272
9203
9294
9295
9296
9298
9299
9301
9302
9314
9313
9297
9311
9315
9316
9317
9318
9320
9322
9323
9403
9400
9406
9332
9335
9379
9337
9353
9340
9343
9398
9341
9351
9346
9382
9366
9350
9376
9377
9338
9706
9391
9396
9399
9404
9324
9407
9408
9410
9394
9413
9423
9415
9454
9458
9488
9420
9613
9592
9465
9466
9470
9541
9380
9486
9493
9495
9666
9502
9646
9515
9522
9525
9530
9505
9496
9534
9535
9544
9537
9538
9540
9543
9545
9546
9574
9551
9469
9557
9566
9570
12963
9578
9586
9587
9584
9589
9590
9597
9598
9601
9719
9527
9600
9517
9651
13088
9667
9668
9656
12972
9564
13010
9680
9727
9705
9739
9678
9695
9700
9701
9375
9708
9712
9735
2604
9747
9781
9782
9813
9795
9800
9810
9811
10406
9825
9833
9819
9835
9842
9848
9857
9803
9875
9867
9796
9951
9966
10331
9947
9929
9979
9969
9981
9982
9987
10091
10003
10012
10251
9823
10055
10062
10042
10071
9783
10073
10192
10122
10141
10139
10149
9918
9992
10032
10198
10201
10072
10205
10246
10257
9424
9986
10271
10285
10110
10123
10107
10210
10393
9844
10403
10387
10432
10542
10427
10460
10472
10474
10451
10565
10571
10708
9802
10610
10309
10638
10639
10640
10634
10036
10049
10747
10792
10764
10861
10794
10771
10885
10891
9927
11016
10900
10901
10950
10906
10934
10925
10946
10948
3895
11489
11082
3945
11438
11092
11832
11737
11649
4685
11792
11040
11668
11284
11612
11244
11670
11865
11128
11725
11052
11356
11406
7087
14
7076
7085
11083
11090
11066
11064
11048
11511
11572
11597
4161
11299
11287
11734
4590
4619
11926
11878
11915
11946
11132
11952
11974
12340
12341
12338
12589
12049
12091
12343
12630
13006
12066
12080
12074
12063
12337
12082
12104
12109
12143
12118
12188
12242
12090
12641
12153
12154
12160
12194
12200
12179
12180
12197
12198
12199
12393
12221
12223
12227
12214
12270
12280
12287
12300
12293
12351
12297
12301
12312
12308
12304
12314
12233
12704
12321
12336
12239
12335
12342
12339
12366
12395
12207
12427
12475
12479
12481
12420
12417
12527
12501
12541
12548
12563
12428
12587
12591
12626
12155
12170
12169
12634
12161
12640
12644
12645
12672
12623
12678
12680
12681
12683
12456
12686
12688
12691
12693
12694
12236
12708
12709
12713
12725
12734
12737
12748
12750
12755
12766
12775
12776
12800
12824
12797
12885
12818
12839
12852
12860
12881
12929
12902
12923
12943
12985
5711
12952
12347
13217
13037
13051
13027
13036
13043
13053
13061
13093
13289
13115
13102
13126
13295
13296
13114
13139
13128
13152
13158
13165
13148
13167
13169
13178
13389
13085
13306
13210
12073
13218
13222
13173
13229
13477
13351
13403
13398
13288
13290
13291
13292
13293
13294
13297
13298
13299
13300
13301
13302
13303
13186
13204
13207
13208
13231
13319
13239
13342
13243
13480
13262
13361
13135
13120
13568
13185
13281
13279
13426
13363
13422
13442
13455
13466
13484
13482
13503
13385
13621
13509
13507
13512
13513
13515
13520
13521
13525
13613
13532
13533
13534
13535
13542
13543
13553
13617
13554
13550
13552
13562
13563
13561
13564
13390
13567
13576
13573
13575
13580
13595
13588
13597
13548
13551
13602
13604
13627
13606
13607
13611
13616
13618
13619
13572
13625
13626
14521
14519
13639
13635
14516
13699
13698
14514
13631
13686
13689
13671
14513
14511
13663
13650
13492
13417
13737
13742
6413
13749
13754
13751
13748
13755
13757
13841
13772
13845
13778
13780
13781
14121
13821
13794
13798
13800
13802
13801
13762
13806
13767
13771
13827
13832
13833
13835
13836
13900
13840
13842
13903
13844
13808
6497
13890
13898
13906
13938
13915
13869
13923
13933
13944
13955
13951
13995
13880
13998
6509
14020
14024
14023
14022
14054
14059
14081
14053
14055
14086
14090
14089
14100
14114
14094
13919
13848
14142
14131
14133
14128
14136
14161
14173
14167
14164
14175
14166
14165
14169
14194
14198
14208
14201
14195
14206
14204
14196
14254
7055
14230
14266
14233
14508
14321
14517
14518
14520
13609
13609
13610
13610
13611
13611
13611
13612
13612
13612
13612
6125
6262
6263
6125
6263
13455
13455
6263
13609
13612
13609
6263
6262
6261
6265
6265
6261
6264
13610
6265
13615
13615
6265
6264
13612
6263
6265
6265
6263
6262
13610
13612
6265
13608
13607
13442
13609
13608
13455
13455
13608
13442
13609
13612
13608
13607
13614
13606
13606
13614
13613
13610
13615
13614
13614
13615
13613
13612
13614
13608
13608
13614
13607
13612
13610
13614
