266 4 2
269 137 460
270 4 266
269 2 137
748 4 270
4 132 130
3 132 4
4 1 0
4 130 1
2 0 137
466 3 748
4 0 2
3 4 748
19 5 7
102 6 5
5 6 7
6 8 7
8 99 7
6 102 20
16 9 88
88 9 10
10 17 11
9 16 14
17 13 15
9 13 10
13 17 10
15 13 14
14 21 103
21 16 20
14 16 21
12 19 7
12 11 17
12 17 18
18 17 15
55 34 26
25 23 34
23 27 22
24 34 27
26 23 22
24 25 34
25 27 23
25 24 27
23 26 34
22 28 26
34 55 98
33 29 27
76 32 28
27 29 71
32 55 28
30 10 31
29 33 71
28 55 26
98 33 34
76 28 22
27 71 76
33 27 34
22 27 76
36 42 35
40 36 37
37 36 35
39 47 43
40 38 36
38 42 36
37 47 41
41 47 39
41 39 40
40 37 41
43 42 39
39 42 40
42 38 40
42 43 47
42 76 35
76 37 35
55 45 76
72 46 37
37 46 44
70 55 47
37 76 72
46 70 44
44 70 47
37 44 47
55 76 42
42 47 55
51 50 54
57 51 54
49 50 52
48 49 57
57 49 52
53 51 57
50 53 52
51 53 50
57 52 53
49 48 50
56 70 48
57 72 56
70 54 50
54 72 57
75 70 56
75 99 70
75 56 72
70 72 54
48 57 56
50 48 70
61 64 65
59 61 65
58 60 59
59 62 63
61 63 64
59 63 61
64 63 62
58 64 60
64 62 60
60 62 59
66 65 64
69 33 67
59 78 67
66 78 59
68 67 33
64 100 66
66 59 65
64 33 100
59 67 68
59 68 58
58 33 64
58 68 33
73 33 69
73 69 67
55 32 45
32 76 45
77 72 71
73 67 71
71 33 73
70 46 72
74 72 77
101 74 77
72 74 75
77 71 67
71 72 76
77 67 78
74 81 83
83 81 84
79 82 74
97 81 79
81 82 79
82 81 74
74 97 79
97 80 81
99 84 81
80 99 81
84 74 83
84 75 74
99 75 84
90 89 7
89 86 7
91 92 86
86 12 7
92 12 86
31 10 85
85 11 92
92 11 12
85 10 11
94 95 100
94 100 93
88 10 87
87 6 20
93 6 87
8 6 93
100 8 93
20 88 87
94 30 95
93 30 94
30 93 87
91 85 92
89 85 86
86 85 91
90 85 89
13 9 14
20 16 88
99 80 97
87 10 30
97 74 101
77 78 101
78 95 30
66 100 78
78 100 95
99 97 96
7 99 90
90 99 96
90 96 85
30 31 78
8 100 98
55 70 99
99 8 55
100 33 98
8 98 55
96 31 85
96 101 31
97 101 96
78 31 101
21 20 103
12 18 119
119 18 120
19 12 119
5 19 102
18 15 120
14 103 15
19 119 106
120 15 104
19 106 102
102 106 20
20 106 103
15 103 104
104 103 118
120 122 119
119 105 106
103 106 107
118 103 107
112 116 123
123 116 110
129 136 133
113 117 108
120 104 129
109 113 108
120 129 122
116 109 110
119 122 129
107 121 116
119 133 105
121 105 113
119 129 133
118 107 112
112 107 116
127 147 139
138 114 115
104 118 111
116 121 109
111 118 112
121 113 109
105 133 117
105 117 113
106 105 121
107 106 121
110 124 123
109 108 125
125 148 153
110 109 125
126 128 127
152 147 127
159 127 128
131 150 130
150 104 140
140 104 111
150 140 130
111 134 0
140 0 1
131 136 129
131 129 150
147 115 111
136 131 141
142 143 141
147 138 115
141 132 3
134 137 0
143 142 607
143 606 136
136 149 135
154 145 157
158 146 159
115 114 137
749 137 114
140 1 130
112 147 111
139 124 127
123 124 139
123 139 112
112 139 147
466 141 3
136 606 149
143 136 141
141 130 132
131 130 141
152 127 159
157 144 154
135 149 145
135 145 154
146 152 159
154 144 148
148 144 155
148 155 126
607 606 143
108 154 148
108 148 125
124 110 153
153 110 125
136 135 133
133 135 117
140 111 0
111 115 134
104 150 129
115 137 134
154 117 135
117 154 108
151 114 152
138 147 152
114 138 152
153 148 126
151 152 146
153 126 124
126 127 124
606 164 149
126 156 166
606 590 164
128 126 166
126 155 156
149 164 145
590 634 679
158 159 165
159 128 181
145 163 157
145 164 163
144 160 155
155 160 161
155 161 156
590 679 164
128 166 162
144 157 160
160 157 163
160 163 179
165 181 170
164 679 204
169 165 170
181 162 175
170 181 175
162 166 175
175 166 171
161 160 167
167 160 179
166 156 171
171 156 168
164 204 182
161 167 156
156 167 168
236 173 174
169 170 191
163 177 179
180 171 168
182 204 178
163 182 177
177 182 178
170 175 176
164 182 163
128 162 181
159 181 165
223 198 240
240 198 236
231 236 174
231 185 223
231 174 185
198 173 236
196 198 223
187 185 194
185 183 194
168 183 180
193 184 200
200 184 172
194 183 168
190 185 174
189 188 185
185 188 183
660 193 827
188 189 172
190 189 185
172 189 200
190 201 189
186 174 173
188 172 183
183 172 180
175 171 184
170 176 191
176 175 184
171 180 184
176 192 191
191 192 660
180 172 184
176 184 192
192 184 193
193 660 192
191 660 659
187 196 185
196 223 185
187 195 196
194 195 187
167 195 194
167 179 195
168 167 194
198 196 197
197 173 198
205 199 197
197 199 186
680 350 199
186 173 197
174 288 190
288 201 190
186 288 174
200 189 201
200 345 193
199 350 186
350 288 186
196 202 197
204 681 206
206 203 204
681 204 674
202 177 203
203 177 178
203 178 204
204 679 674
195 177 196
196 177 202
177 195 179
206 680 205
681 680 206
202 205 197
203 205 202
203 206 205
680 669 350
680 199 205
217 208 212
212 208 210
235 236 231
225 211 212
212 211 217
213 218 214
218 242 214
208 213 210
208 218 213
213 244 210
214 244 213
215 217 211
242 217 215
209 208 217
244 243 210
216 210 246
246 210 243
246 214 216
222 260 219
262 260 242
262 242 220
242 260 222
262 221 219
221 222 219
216 221 210
222 221 216
234 233 224
233 220 242
222 216 242
240 236 226
229 255 228
211 225 227
211 227 215
227 242 215
226 232 240
239 207 223
223 207 231
235 233 234
220 233 235
226 234 232
232 234 238
225 212 210
220 235 262
210 221 235
235 221 262
225 210 235
234 236 235
226 236 234
225 235 231
237 229 207
237 207 239
225 229 228
207 225 231
237 227 229
230 232 241
239 230 241
229 225 207
241 232 238
224 241 238
224 233 241
224 238 234
239 223 240
230 239 240
230 240 232
233 242 227
241 233 227
227 237 241
214 242 216
237 239 241
243 244 245
243 250 246
243 245 250
244 214 247
245 244 247
248 214 246
247 248 250
249 248 246
248 249 250
247 214 248
247 250 245
250 249 246
208 253 218
218 253 252
242 218 252
217 242 251
251 254 208
251 242 252
254 251 252
252 253 254
251 208 209
217 251 209
254 253 208
255 259 228
228 259 225
256 258 227
259 257 258
257 259 255
255 258 257
227 258 229
256 259 258
258 255 229
256 227 259
259 227 225
262 263 260
262 261 264
263 264 260
264 263 262
264 261 260
219 260 261
219 261 262
460 738 269
274 266 271
270 272 267
274 265 268
277 757 280
755 741 278
280 757 281
273 268 275
280 281 760
281 757 740
740 745 761
269 738 2
2 738 266
748 270 267
748 267 463
266 272 270
272 266 274
266 738 271
267 272 273
738 750 271
272 274 273
274 271 265
273 274 268
755 271 754
265 271 755
744 273 275
268 276 275
268 277 276
755 754 741
275 276 756
265 755 268
756 276 279
277 280 276
276 280 279
268 755 277
755 278 277
277 278 757
279 280 760
760 281 761
757 759 740
281 740 761
740 746 745
282 309 383
201 289 200
200 289 287
288 286 289
283 282 383
329 284 348
310 285 383
383 285 381
284 308 348
285 319 381
381 319 364
309 310 383
288 289 201
347 283 383
291 287 289
291 326 287
289 286 290
295 289 290
291 289 297
297 289 295
326 294 292
303 345 293
200 293 345
326 292 200
320 302 325
285 296 319
300 296 285
290 286 295
319 297 364
295 298 297
298 295 286
297 298 364
364 298 286
302 321 303
303 321 304
321 305 304
320 321 302
305 306 304
301 331 306
306 308 307
306 331 308
329 308 284
301 306 305
346 345 304
346 307 348
304 345 303
306 307 346
304 306 346
310 309 300
300 309 282
285 310 300
311 282 283
308 311 347
347 311 283
311 324 282
282 324 300
330 311 308
311 330 324
315 323 313
312 328 327
297 312 291
317 328 312
317 314 328
317 313 314
323 315 324
300 324 315
312 297 316
297 296 316
300 318 296
296 318 316
315 317 340
317 315 313
300 340 318
300 315 340
297 319 296
322 305 321
323 301 322
322 301 305
323 299 301
293 302 303
294 302 293
325 302 294
287 326 200
325 294 291
291 294 326
294 293 292
292 293 200
327 291 312
322 313 323
321 314 322
314 313 322
320 328 321
321 328 314
320 325 328
328 325 327
325 291 327
330 299 323
324 330 323
307 329 348
308 331 330
307 308 329
301 330 331
301 299 330
312 316 333
316 318 333
317 312 337
318 340 332
337 312 333
332 333 318
317 337 340
332 340 334
333 338 337
334 338 332
332 338 333
340 336 334
337 341 340
336 338 334
340 335 336
336 335 338
344 339 335
335 339 338
338 341 337
339 341 338
341 343 340
340 344 335
344 341 339
340 343 344
344 342 341
342 343 341
346 827 193
348 827 346
826 827 348
346 193 345
364 286 350
349 363 364
347 348 308
381 367 383
382 381 364
350 349 364
834 351 349
351 362 349
834 349 350
350 669 834
374 367 357
353 355 354
367 356 383
355 352 357
356 358 366
384 359 838
384 366 359
365 357 382
360 362 361
362 351 361
351 841 361
351 843 841
363 349 362
365 363 360
363 362 360
363 382 364
350 286 288
348 384 826
347 366 348
383 366 347
359 389 839
389 385 839
839 385 390
370 371 372
387 372 368
387 413 386
390 386 413
352 375 357
357 375 374
358 356 377
377 356 378
355 376 352
378 356 379
355 353 376
379 356 380
356 367 380
380 367 373
367 374 373
834 843 351
382 363 365
357 381 382
367 381 357
348 366 384
356 366 383
369 871 863
388 355 357
358 389 366
366 389 359
388 389 358
354 355 388
358 354 388
360 361 399
365 360 370
385 388 386
372 371 368
372 387 386
357 370 388
386 388 370
386 370 372
385 386 390
413 387 369
369 387 368
413 369 863
385 389 388
370 357 365
413 863 390
370 360 371
360 399 371
371 391 368
368 391 393
393 369 368
391 392 393
395 403 877
877 403 881
401 393 395
393 392 395
395 392 404
404 403 395
395 877 394
395 394 401
399 392 371
397 890 398
398 890 882
399 404 392
406 397 396
396 397 398
881 398 882
371 392 391
399 361 887
361 841 887
887 400 399
889 400 888
888 400 887
400 405 406
400 891 405
400 406 399
369 393 401
402 369 401
960 961 962
963 964 965
966 967 968
954 949 958
969 970 971
972 973 974
975 976 977
978 979 980
981 982 983
984 985 986
987 988 989
893 956 951
990 991 992
398 881 403
398 403 396
396 403 404
396 404 406
406 404 399
890 397 891
891 397 405
397 406 405
408 457 407
457 410 407
458 408 407
409 410 457
411 407 410
459 458 411
411 458 407
409 412 410
410 412 411
459 411 412
427 423 432
423 418 419
414 906 415
906 417 415
911 424 417
442 909 912
429 921 442
442 921 909
426 429 442
934 421 420
934 420 918
425 442 912
918 420 416
906 911 417
910 906 414
920 910 414
920 414 422
415 423 422
422 423 427
423 415 418
424 418 415
421 425 420
421 426 442
442 425 421
424 415 417
416 420 425
428 427 431
431 427 432
422 428 920
427 428 422
422 414 415
430 421 429
429 421 934
429 934 921
430 426 421
426 430 429
431 432 428
432 924 428
424 419 418
911 419 424
434 433 435
437 438 436
440 439 441
444 443 445
446 447 448
452 451 449
452 449 450
453 947 454
455 947 453
453 948 455
453 456 948
946 947 455
456 453 454
462 461 465
749 460 137
747 461 462
747 462 463
464 462 586
461 749 467
466 462 464
461 467 465
586 462 465
463 466 748
463 462 466
565 471 481
481 473 472
471 473 481
471 474 473
471 535 474
473 475 472
490 479 547
547 479 478
490 548 476
477 478 479
469 549 476
549 479 490
549 490 476
469 477 549
567 468 477
478 468 475
468 478 477
565 480 471
548 480 476
470 476 480
469 476 470
483 531 492
486 483 487
482 484 487
484 483 485
492 482 487
483 486 485
487 484 486
485 486 484
487 483 492
482 492 491
531 483 561
484 488 526
491 489 503
484 537 488
491 531 489
490 544 562
526 488 537
492 531 491
483 526 561
482 491 503
484 503 537
483 484 526
484 482 503
506 494 495
506 495 493
493 495 497
505 496 500
495 499 497
495 494 499
505 493 498
498 496 505
497 496 498
493 497 498
497 494 496
496 494 500
497 499 494
505 500 494
506 503 494
506 493 503
503 501 531
504 502 493
493 502 514
505 531 560
503 493 514
504 560 502
505 560 504
505 504 493
494 503 531
505 494 531
516 513 507
516 507 509
512 513 510
508 509 510
510 509 512
509 507 511
513 512 511
513 511 507
511 512 509
508 510 513
508 560 515
509 515 514
513 516 560
509 514 516
515 560 534
560 535 534
514 515 534
516 514 560
509 508 515
508 513 560
527 523 517
527 517 521
518 521 520
522 521 519
517 523 519
521 517 519
522 519 523
523 518 520
523 520 522
521 522 520
523 527 524
533 526 529
533 564 521
521 564 524
528 526 533
525 523 524
527 521 524
526 523 525
533 521 528
521 518 528
518 523 526
528 518 526
526 532 529
532 533 529
501 489 531
501 503 489
537 514 530
537 533 532
526 537 532
514 502 560
536 530 514
563 530 536
514 534 536
533 537 530
503 514 537
530 564 533
556 540 542
542 540 536
536 541 539
555 539 540
541 540 539
536 540 541
539 555 536
540 538 555
540 556 535
540 535 538
556 542 536
534 556 536
535 556 534
551 471 550
550 471 553
552 553 543
471 480 553
553 480 543
562 559 490
543 548 559
480 548 543
548 490 559
557 545 525
545 546 525
547 554 490
473 554 475
473 546 554
474 546 473
474 525 546
475 554 547
544 545 557
544 546 545
554 546 544
559 552 543
559 550 553
559 553 552
559 551 550
479 549 477
547 478 475
538 535 555
490 554 544
563 536 555
563 564 530
544 557 564
524 564 525
525 564 557
558 555 535
471 551 535
535 551 558
559 558 551
564 562 544
561 525 474
535 560 531
474 535 531
526 525 561
474 531 561
559 562 558
562 563 558
558 563 555
562 564 563
567 475 468
480 581 470
470 581 566
480 565 581
472 565 481
470 566 469
469 567 477
569 581 565
469 566 585
472 569 565
567 569 475
475 569 472
469 585 567
567 585 568
581 579 566
569 582 581
567 580 569
567 568 580
577 570 572
572 570 574
575 609 571
615 583 576
571 585 566
576 578 615
579 571 566
572 574 578
571 579 581
580 572 573
582 575 581
576 582 573
575 571 581
568 577 580
580 577 572
605 613 601
593 591 604
568 585 611
573 572 578
568 611 577
573 578 576
583 575 582
576 583 582
573 582 569
569 580 573
570 595 574
612 615 578
603 618 612
612 578 574
601 620 599
614 600 613
608 610 586
142 141 598
608 597 585
585 597 611
586 597 608
465 587 597
610 571 609
608 571 610
611 594 596
598 610 609
142 598 607
596 594 604
587 593 594
598 466 464
592 749 114
587 467 593
593 467 592
609 602 607
588 616 609
617 589 621
602 590 606
591 593 592
604 594 593
158 623 600
467 749 592
605 596 613
600 620 601
465 467 587
586 465 597
611 596 577
605 601 595
605 595 570
570 577 605
605 577 596
602 606 607
141 466 598
616 602 609
607 598 609
598 464 586
598 586 610
614 158 600
619 589 617
621 616 588
617 621 588
614 146 158
584 619 618
618 619 617
599 584 618
596 604 613
618 617 615
612 618 615
595 603 574
574 603 612
583 588 575
575 588 609
597 587 611
594 611 587
571 608 585
592 114 591
588 583 617
615 617 583
591 151 614
114 151 591
604 614 613
591 614 604
599 618 603
151 146 614
613 600 601
603 595 599
595 601 599
616 636 602
639 622 599
636 634 602
599 620 639
634 590 602
600 623 620
622 584 599
621 636 616
625 623 158
158 165 625
637 620 623
589 624 621
624 636 621
638 635 584
584 635 619
622 638 584
620 626 639
619 635 589
589 635 624
635 627 624
625 631 637
165 169 625
632 673 636
625 169 631
637 629 626
637 631 629
626 629 639
639 629 628
638 664 635
635 664 627
639 628 622
622 628 647
630 632 636
647 664 622
622 664 638
643 641 644
169 191 631
631 191 657
673 679 634
627 677 624
628 656 647
678 632 630
624 677 630
630 677 678
629 631 654
624 630 636
637 626 620
625 637 623
673 634 636
712 642 640
643 642 712
643 706 641
706 640 633
641 706 633
643 644 642
640 642 661
633 648 663
633 663 645
645 647 656
646 655 649
649 655 671
645 663 647
641 633 653
645 652 633
633 652 650
652 646 650
633 650 653
646 649 650
650 651 653
667 644 641
656 646 645
645 646 652
629 655 628
657 654 631
629 654 655
655 656 628
659 658 657
657 658 654
655 646 656
191 659 657
658 655 654
658 659 660
671 655 658
658 660 827
633 661 648
661 633 640
648 661 662
648 662 663
663 662 664
664 662 627
664 647 663
665 661 642
642 644 665
666 665 668
668 665 667
680 668 669
667 665 644
653 670 641
653 651 670
641 670 667
651 650 649
658 767 671
671 767 649
667 832 668
667 670 832
661 665 675
672 674 673
676 672 673
675 676 677
677 676 678
678 676 673
673 674 679
662 661 677
677 661 675
627 662 677
632 678 673
666 680 672
672 680 674
674 680 681
665 666 675
675 666 676
672 676 666
669 668 832
668 680 666
684 690 691
690 684 693
683 706 643
684 685 703
684 691 685
722 686 687
722 687 695
690 693 686
722 690 686
693 688 686
686 688 687
685 691 689
689 691 695
721 691 690
693 714 688
714 693 715
715 693 692
692 687 715
697 694 735
733 695 735
733 701 695
735 695 697
696 733 694
694 697 696
693 696 692
692 696 697
702 699 700
702 695 701
695 692 697
709 643 712
710 727 728
704 703 685
689 704 685
689 695 704
709 712 705
698 640 682
682 640 706
699 702 683
683 702 701
708 699 705
705 699 709
693 684 703
701 733 683
733 696 683
683 696 693
683 693 703
683 643 699
709 699 643
706 683 703
711 682 710
698 682 711
703 727 710
682 706 703
710 704 711
713 705 707
713 707 698
682 703 710
708 705 713
708 713 700
702 700 713
699 708 700
712 640 698
698 707 712
705 712 707
702 704 695
702 713 704
711 704 713
692 695 687
711 713 698
714 716 688
715 718 714
718 716 714
688 719 687
688 716 719
715 687 720
719 718 720
715 720 717
717 720 718
720 687 719
719 716 718
715 717 718
722 724 690
725 724 722
722 695 725
695 691 726
690 723 726
726 725 695
725 726 723
724 725 723
726 721 690
726 691 721
690 724 723
727 730 728
703 730 727
704 731 729
731 732 730
728 730 732
731 728 732
710 731 704
730 729 731
731 710 728
730 704 729
703 704 730
733 735 736
734 733 737
735 737 736
733 736 737
735 734 737
734 735 694
733 734 694
752 753 751
461 738 749
749 738 460
463 267 744
461 751 753
463 751 747
461 753 750
758 757 278
761 759 760
739 741 743
279 739 756
750 753 754
746 740 759
761 745 746
747 751 461
461 750 738
463 744 751
267 273 744
744 752 751
752 743 753
744 275 752
750 754 271
743 752 742
743 754 753
275 742 752
742 739 743
756 742 275
754 743 741
756 739 742
758 741 739
760 758 279
279 758 739
758 278 741
758 759 757
760 759 758
761 746 759
861 762 789
651 649 765
765 649 769
844 670 765
861 789 763
830 788 810
831 774 861
861 774 766
830 786 788
828 798 831
831 798 774
861 766 762
670 651 765
861 763 764
765 769 768
769 802 768
770 844 765
770 765 771
771 765 776
776 765 768
801 802 773
767 799 803
767 803 649
649 773 802
772 800 806
798 797 774
774 797 775
771 844 770
828 776 798
776 777 771
844 771 777
844 777 828
828 777 776
800 799 778
778 799 781
782 778 781
778 806 800
782 781 784
780 784 787
786 784 785
787 784 786
786 810 788
782 784 780
781 767 783
830 785 783
767 781 799
783 785 784
783 784 781
789 762 775
775 762 766
775 766 774
763 789 790
763 790 764
764 790 786
789 791 790
775 791 789
786 790 779
791 779 790
793 809 792
804 805 796
776 768 796
796 805 812
805 807 812
807 793 812
809 791 792
792 791 775
796 794 776
776 794 797
794 795 797
797 795 775
812 792 814
812 793 792
795 814 775
814 792 775
776 797 798
808 778 782
809 808 780
780 808 782
811 809 780
800 803 799
803 800 801
801 800 772
769 649 802
768 801 772
802 801 768
801 773 803
649 803 773
768 804 796
809 793 808
808 807 778
808 793 807
807 805 778
778 805 806
806 805 772
772 805 804
772 804 768
809 811 779
809 779 791
830 810 785
779 787 786
786 785 810
787 779 780
779 811 780
796 813 794
794 813 795
812 816 796
814 795 815
796 816 813
795 813 815
812 814 816
814 815 817
816 818 813
813 818 815
815 818 817
814 817 819
816 814 820
817 818 819
821 814 819
818 821 819
821 822 825
818 822 821
816 820 818
818 820 822
823 820 814
821 825 814
822 820 825
823 814 825
820 824 825
820 823 824
767 827 783
783 827 830
830 827 826
844 828 832
828 829 833
764 786 830
861 847 831
828 831 845
828 833 832
833 843 842
833 860 843
832 833 842
832 842 669
842 834 669
850 840 847
835 865 854
837 847 861
865 840 852
837 862 836
839 838 359
862 838 839
840 846 845
866 860 874
866 843 860
866 841 843
860 833 829
874 829 846
874 860 829
834 842 843
828 845 829
670 844 832
826 838 830
826 384 838
830 862 764
764 862 861
867 873 864
849 872 867
849 869 863
850 851 840
840 851 852
836 855 837
837 855 856
852 853 865
837 856 857
865 853 854
837 857 858
837 858 847
847 858 859
847 859 850
846 829 845
831 840 845
847 840 831
862 830 838
837 861 862
870 863 871
840 865 868
862 848 836
839 848 862
836 848 868
868 865 835
868 835 836
874 895 866
846 864 874
868 848 869
872 873 867
849 867 869
864 840 868
868 869 864
867 864 869
863 869 848
848 839 390
863 870 849
849 870 872
848 390 863
840 864 846
873 874 864
873 895 874
872 884 873
875 884 872
870 875 872
884 875 883
394 877 878
878 877 879
879 877 881
876 878 875
875 878 883
883 878 894
878 879 894
876 394 878
883 895 873
886 882 890
895 883 894
885 880 886
886 880 882
884 883 873
866 895 888
866 888 841
841 888 887
889 888 895
885 896 889
889 896 400
891 400 896
885 889 895
870 876 875
870 892 876
993 994 995
996 997 998
999 1000 1001
955 959 950
1002 1003 1004
1005 1006 1007
1008 1009 1010
1011 1012 1013
1014 1015 1016
1017 1018 1019
1020 1021 1022
953 952 957
1023 1024 1025
882 879 881
894 879 880
880 879 882
895 894 885
885 894 880
890 891 886
886 891 896
896 885 886
658 827 767
904 902 903
903 902 901
899 902 904
900 903 901
905 901 902
898 905 899
905 902 899
900 901 897
901 905 897
898 897 905
432 423 907
907 423 419
906 913 914
908 914 915
914 908 911
416 917 918
910 919 913
909 921 922
916 912 909
912 916 425
906 914 911
913 906 910
907 419 915
910 920 919
416 425 916
909 922 935
916 909 917
917 909 935
917 416 916
934 918 935
924 919 920
924 920 428
432 919 924
935 922 934
917 935 918
914 907 915
913 907 914
919 432 913
913 432 907
923 921 934
934 922 923
922 921 923
915 911 908
419 911 915
925 926 927
929 928 930
931 932 933
936 937 938
940 939 941
944 942 943
945 944 943
948 456 946
455 948 946
946 456 454
947 946 454
