1469 2 532
533 10 8
533 1 10
534 0 899
535 1 533
534 8 0
532 1 535
2 1 532
7 246 5
9 6 7
7 6 246
256 3 10
10 3 8
9 11 6
12 4 256
12 5 4
7 5 12
1 7 12
8 3 0
0 3 912
913 11 1469
12 256 1
1 256 10
1469 11 2
2 11 9
9 7 2
2 7 1
34 14 16
187 15 14
14 15 16
15 18 16
16 18 179
17 16 179
179 177 17
15 187 35
28 19 165
165 19 20
21 30 22
31 19 37
19 28 37
25 24 27
20 29 21
30 21 29
20 19 29
29 19 31
29 25 30
31 24 29
24 25 29
27 24 26
13 14 34
23 13 34
37 36 189
189 26 37
36 28 35
37 28 36
23 34 16
23 22 166
23 166 33
33 166 32
32 166 27
50 60 41
41 39 62
44 45 46
39 45 42
40 61 42
61 43 38
43 60 38
41 45 39
62 39 42
40 45 44
46 47 44
43 47 60
40 44 47
47 61 40
47 43 61
45 40 42
41 48 45
60 48 41
49 60 46
46 60 47
45 48 49
49 48 60
45 49 46
62 52 41
60 50 122
59 53 51
140 58 52
51 53 57
58 50 52
20 21 55
20 55 54
21 56 55
184 55 56
54 55 184
53 59 57
52 50 41
178 59 60
60 122 178
51 57 61
140 52 62
61 57 140
42 140 62
51 61 38
59 51 60
60 51 38
42 61 140
64 72 63
67 64 68
68 64 63
69 75 73
65 71 68
67 66 64
66 72 64
65 75 71
71 75 69
71 69 67
70 67 69
67 68 71
70 66 67
73 72 69
69 72 70
72 66 70
72 74 75
74 72 73
73 75 74
72 76 63
76 68 63
79 80 76
77 78 83
80 140 76
78 131 83
81 82 77
77 82 78
131 101 75
75 101 79
77 140 81
82 131 78
83 131 84
84 131 75
68 140 77
76 140 68
77 83 84
79 76 72
68 77 84
68 84 65
72 75 79
65 84 75
88 103 98
89 88 98
90 96 93
85 90 105
89 94 95
105 90 93
95 92 89
89 92 88
89 105 94
94 96 95
92 103 88
87 85 105
96 94 93
92 95 103
105 93 94
90 85 86
103 91 86
90 86 96
96 103 95
96 91 103
86 91 96
99 97 104
104 97 85
89 81 102
131 98 103
102 99 105
105 99 104
86 131 103
98 81 89
139 97 102
139 132 97
102 97 99
100 81 98
139 102 81
97 131 86
131 100 98
89 102 105
87 105 104
86 85 97
87 104 85
113 109 107
108 120 121
120 113 107
114 110 117
106 112 108
120 115 116
108 115 120
113 111 109
120 116 113
113 116 111
109 116 115
106 110 112
110 114 112
114 117 115
111 116 109
115 108 114
112 114 108
118 110 106
117 109 115
109 110 118
109 117 110
109 118 142
142 119 109
109 119 107
107 119 120
59 125 130
130 125 126
120 144 121
142 123 124
124 144 120
127 126 125
127 121 126
118 180 142
124 120 119
118 125 180
142 124 119
108 121 127
108 127 106
106 125 118
106 127 125
138 186 128
59 129 57
57 129 140
136 59 130
136 130 126
132 131 97
50 58 79
79 58 80
58 140 80
50 79 122
137 81 134
133 132 139
122 79 101
136 126 129
129 59 136
137 134 129
131 82 100
82 81 100
121 143 137
137 126 121
138 135 137
186 138 137
135 139 81
135 81 137
135 138 139
137 129 126
129 134 140
134 81 140
181 144 141
144 142 141
144 124 123
144 123 142
143 121 144
143 186 137
138 153 146
146 153 145
153 148 155
154 150 149
148 154 149
147 152 138
148 153 154
185 149 147
148 149 155
151 152 150
149 150 152
149 152 147
152 153 138
154 151 150
152 151 153
154 153 151
138 185 147
149 185 156
156 155 149
182 145 153
155 182 153
139 138 133
138 146 157
158 138 157
158 133 138
132 133 145
145 133 158
145 157 146
145 158 157
168 167 162
167 161 162
169 170 161
161 23 162
170 23 161
56 21 160
160 22 170
170 22 23
23 16 162
162 16 17
160 21 22
54 164 163
172 173 183
172 183 171
171 183 180
165 20 163
164 15 35
171 15 164
18 15 171
180 18 171
186 159 128
35 165 164
164 165 163
172 54 173
171 54 172
54 171 164
169 160 170
167 160 161
161 160 169
168 160 167
25 27 166
30 25 166
24 31 26
31 37 26
22 30 166
35 28 165
128 174 156
174 182 156
145 182 177
182 155 156
163 20 54
185 138 128
143 144 186
181 186 144
141 173 181
181 173 54
142 183 141
141 183 173
128 159 174
174 159 176
182 176 175
182 174 176
162 182 168
168 182 175
168 175 160
54 184 181
183 142 180
18 180 178
18 178 179
162 17 182
180 125 59
101 131 132
145 177 132
177 179 132
132 179 101
179 178 122
180 59 178
179 122 101
177 182 17
175 56 160
175 159 184
176 159 175
56 175 184
156 185 128
181 184 186
184 159 186
36 35 188
23 33 190
190 33 196
189 36 188
13 23 190
14 13 187
32 27 196
196 27 222
33 32 196
26 189 27
13 191 192
222 27 195
189 188 194
13 190 191
13 192 187
187 192 35
35 192 193
27 189 195
195 189 194
35 193 188
196 225 190
190 225 220
191 197 192
192 197 198
194 188 223
223 188 219
190 220 191
191 220 197
196 222 225
193 192 199
199 192 198
188 193 219
219 193 199
205 215 227
227 215 202
216 294 206
206 294 252
207 217 200
222 195 237
247 205 227
206 252 217
218 207 201
201 207 200
222 237 225
225 237 204
215 218 202
202 218 201
225 204 216
216 204 294
220 225 216
226 224 215
224 221 207
220 206 208
223 219 205
221 208 207
220 216 206
219 226 205
205 226 215
227 202 209
233 286 302
265 213 214
195 194 203
215 224 218
194 223 203
203 223 247
224 207 218
208 206 217
223 205 247
208 217 207
219 199 226
197 208 198
198 208 221
197 220 208
224 198 221
199 198 226
226 198 224
209 228 227
200 230 201
201 230 231
217 229 200
200 229 230
231 287 301
306 276 232
202 201 209
209 201 231
267 228 299
268 267 210
284 234 266
308 296 298
298 286 309
278 279 235
237 195 236
291 238 239
239 238 241
241 238 240
241 240 242
242 240 245
271 1144 272
240 244 245
291 236 292
292 236 243
238 269 240
240 269 244
195 203 236
236 203 248
236 248 243
203 247 248
211 254 248
248 254 243
243 293 249
292 249 270
239 241 250
250 241 251
250 294 204
204 237 250
250 237 239
210 211 248
258 251 242
251 241 242
258 242 271
272 253 271
212 265 211
211 265 254
254 214 293
293 214 255
293 255 249
249 255 256
271 246 11
255 295 3
244 5 245
245 5 246
253 273 258
251 257 294
272 1150 273
273 1150 1183
251 258 257
217 252 229
273 289 258
258 290 257
257 290 259
304 305 260
290 280 305
289 281 275
260 282 261
214 262 295
315 283 278
297 308 264
214 213 262
213 263 262
256 255 3
265 214 254
914 912 263
295 912 3
267 286 210
210 286 212
210 212 211
279 266 235
249 256 4
269 4 244
244 4 5
269 270 4
247 210 248
302 299 233
233 299 300
292 270 269
306 232 307
227 228 268
228 267 268
227 268 247
247 268 210
249 4 270
273 274 289
289 274 281
273 1198 274
272 273 253
1144 271 913
913 271 11
1150 272 1144
289 275 290
290 275 280
258 289 290
253 258 271
271 245 246
242 245 271
11 246 6
307 284 233
279 233 266
308 309 278
261 277 260
305 280 282
305 282 260
309 279 278
283 308 278
284 266 233
288 277 287
287 277 276
287 276 306
302 267 299
267 302 286
213 265 296
263 213 297
265 212 286
260 288 304
259 290 305
1183 1198 273
304 288 303
303 288 287
303 287 231
228 209 285
285 209 231
231 301 285
295 262 912
294 257 252
252 257 229
292 243 249
250 251 294
243 254 293
238 291 269
269 291 292
236 291 237
237 291 239
214 295 255
262 263 912
304 229 305
305 229 257
230 303 231
229 304 230
230 304 303
299 228 300
296 265 298
297 213 308
228 285 300
300 285 301
265 286 298
213 296 308
305 257 259
301 287 306
309 286 279
1216 264 283
264 308 283
298 309 308
286 233 279
301 306 300
300 306 307
307 233 300
277 288 260
275 318 280
232 312 307
307 312 317
274 1163 281
307 317 284
281 1163 275
275 1163 318
278 316 315
234 284 317
278 235 316
277 310 276
276 310 311
235 266 234
276 311 232
232 311 312
282 313 261
261 313 314
280 318 282
282 318 313
261 314 277
277 314 310
1163 1257 336
316 322 315
315 322 326
1259 315 326
1163 325 318
234 357 235
316 235 355
313 323 314
314 323 324
357 234 321
318 356 313
313 356 323
310 319 311
311 319 320
312 361 317
317 361 327
318 325 356
311 320 312
312 320 361
1163 336 325
234 317 321
321 317 327
310 314 319
319 314 324
316 355 322
354 353 347
331 355 334
326 355 331
326 333 1259
356 351 349
333 326 331
358 357 330
330 357 342
355 358 334
334 358 330
353 359 332
357 352 342
342 352 335
360 354 328
328 354 347
352 361 335
335 361 329
356 349 359
359 349 332
360 328 361
361 328 329
362 340 341
338 366 373
341 340 339
333 331 382
382 331 381
351 412 349
1256 333 382
336 1337 351
331 334 381
353 344 347
1257 1337 336
345 335 350
350 335 329
332 349 346
342 335 345
353 332 344
344 332 346
334 330 343
330 342 343
320 360 361
327 361 352
320 319 360
360 319 354
356 359 323
357 321 352
323 359 324
324 359 353
235 358 355
235 357 358
325 351 356
322 355 326
319 324 354
354 324 353
327 352 321
325 336 351
479 399 363
363 399 362
421 362 341
390 479 364
458 371 445
458 341 371
399 340 362
390 396 479
445 365 364
445 371 365
396 399 479
373 366 367
366 368 367
348 368 350
337 369 375
375 369 376
388 370 404
404 370 337
388 389 370
389 678 387
367 368 348
371 338 365
371 341 339
338 371 378
378 371 339
402 339 340
365 338 373
379 374 366
366 374 368
1305 678 1306
375 377 337
378 379 338
338 379 366
337 377 404
368 374 375
378 406 379
406 377 379
379 377 374
374 377 375
405 378 339
372 405 402
402 405 339
375 376 368
368 376 350
329 348 350
334 343 380
342 345 384
334 380 381
343 342 384
345 350 384
380 383 381
381 383 385
382 385 386
343 383 380
350 376 384
381 385 382
384 370 343
343 370 383
376 369 384
384 369 370
383 370 387
385 383 387
386 385 1305
337 370 369
387 370 389
678 1305 387
1305 385 387
386 1305 1300
386 1300 1296
382 386 1256
1256 386 1296
373 390 365
348 391 367
391 373 367
390 364 365
393 392 391
373 392 390
329 393 348
348 393 391
391 392 373
392 397 395
392 395 390
394 397 393
393 397 392
390 395 396
394 347 397
328 394 329
329 394 393
328 347 394
399 396 398
398 400 399
400 340 399
400 402 340
416 401 403
403 401 372
418 691 419
419 689 401
372 402 403
403 402 400
405 566 378
566 406 378
372 681 405
681 566 405
404 377 406
416 419 401
564 679 388
388 679 389
566 408 406
401 682 372
404 407 388
388 407 564
406 408 404
682 681 372
396 409 398
414 1340 417
409 411 410
417 411 414
1340 412 1334
414 412 1340
409 413 411
411 413 346
411 346 414
412 1337 1334
395 409 396
397 413 395
395 413 409
413 397 344
344 397 347
346 413 344
349 414 346
412 414 349
351 1337 412
417 416 415
417 418 416
1340 418 417
1340 1341 418
409 415 403
403 415 416
400 409 403
409 400 398
415 409 410
411 415 410
411 417 415
419 691 689
1341 1321 691
418 1341 691
418 419 416
341 458 421
435 422 427
427 422 425
487 477 425
472 362 421
424 425 422
450 426 427
427 426 435
435 426 436
428 437 429
437 483 429
424 428 425
424 437 428
428 488 425
429 488 428
430 487 488
432 436 426
483 436 432
423 422 436
436 422 435
488 487 425
434 477 486
486 477 487
434 486 441
486 429 441
444 516 440
444 440 439
448 514 438
438 515 448
515 516 484
515 484 448
484 516 444
514 443 439
448 442 514
443 444 439
434 443 477
444 443 441
441 443 434
364 480 445
445 480 446
451 481 363
363 481 479
472 471 362
447 468 464
464 461 447
466 448 484
470 442 449
442 448 449
450 427 433
444 441 483
451 362 471
363 362 451
455 452 454
455 506 452
456 506 463
463 506 455
453 456 462
426 450 453
426 453 432
453 483 432
451 460 481
481 460 459
446 420 445
445 420 458
461 466 447
464 468 470
447 466 465
455 454 463
483 462 484
473 476 463
463 476 485
470 461 464
447 465 468
449 461 470
466 461 448
448 461 449
451 468 460
460 468 467
469 433 477
433 427 477
477 427 425
442 470 514
477 443 470
470 443 514
473 450 433
469 477 472
468 471 470
477 470 472
451 471 468
472 470 471
469 472 421
454 473 463
476 473 420
474 420 446
450 473 454
420 469 458
458 469 421
433 469 420
485 462 463
474 485 476
482 459 475
457 459 482
480 457 482
446 480 474
474 476 420
473 433 420
475 459 467
467 459 460
465 475 467
465 466 475
478 467 468
465 478 468
480 479 481
457 480 481
479 480 364
457 481 459
475 462 482
466 484 462
475 466 462
462 485 482
453 462 483
429 483 441
483 484 444
462 456 463
474 482 485
474 480 482
478 465 467
431 490 486
487 430 489
487 490 431
430 488 489
431 486 487
487 497 490
487 489 497
488 429 492
489 488 492
490 491 486
496 429 486
497 494 491
496 497 495
492 493 497
496 495 429
494 496 491
491 496 486
496 494 497
492 429 493
493 429 495
497 493 495
492 497 489
497 491 490
424 504 498
498 504 437
437 504 501
483 437 501
436 483 500
500 505 422
501 504 503
503 502 501
483 501 502
500 483 502
503 500 502
505 500 503
503 504 505
422 505 424
500 422 499
436 500 499
505 504 424
499 422 423
436 499 423
424 498 437
506 510 454
454 510 450
509 510 511
507 509 453
510 508 511
508 510 506
506 509 508
453 509 456
507 510 509
508 509 511
506 454 452
509 506 456
507 453 510
510 453 450
515 518 516
514 513 523
520 523 521
518 522 516
516 519 513
520 517 514
514 517 518
522 518 521
522 519 516
518 520 521
517 520 518
514 523 520
523 522 521
522 513 519
522 523 513
516 513 512
518 515 514
438 514 515
440 516 512
440 512 439
439 512 513
439 513 514
536 1445 524
899 1448 534
540 538 542
539 527 524
532 537 528
527 536 524
531 1467 529
526 525 541
541 525 530
548 550 554
1480 1455 549
554 552 555
542 541 544
553 555 1491
555 552 556
551 554 553
546 548 547
1486 1454 552
541 530 546
545 1480 549
1485 1486 552
556 529 557
557 529 1466
534 1448 8
8 1448 527
535 537 532
8 527 533
1469 532 528
1469 528 1472
533 537 535
1472 528 540
537 533 539
527 1448 536
528 537 538
533 527 539
540 528 538
1448 1473 536
537 539 538
538 539 526
536 1473 1445
526 539 525
539 524 525
538 526 542
542 526 541
543 1445 1479
524 1445 543
525 524 543
543 1479 1480
1465 542 544
543 1480 545
543 545 525
541 546 544
530 548 546
544 546 547
1480 1479 1464
544 547 1482
525 545 530
1482 547 1458
548 554 547
547 554 1458
1458 554 551
530 545 548
549 1455 1484
549 1484 550
545 549 548
548 549 550
1484 1485 550
550 1485 552
551 553 1488
553 554 555
550 552 554
1488 553 1491
1491 555 557
1486 1489 1454
555 556 557
1454 556 552
1454 531 556
556 531 529
558 611 568
408 570 407
407 570 563
610 559 684
567 562 566
566 562 570
612 558 568
653 560 683
613 561 568
568 561 685
560 609 683
561 638 685
685 638 715
609 610 684
611 613 568
565 562 567
566 570 408
559 612 684
684 612 568
569 570 562
571 563 570
571 574 563
569 562 572
570 569 581
581 569 572
571 570 630
630 570 581
646 648 575
596 615 576
577 576 564
564 576 615
646 575 407
645 579 647
594 580 645
561 582 638
590 582 561
582 589 636
572 562 581
636 630 582
637 582 630
637 630 583
583 630 581
638 637 715
715 637 565
581 584 583
584 581 562
583 584 565
565 584 562
637 583 565
590 591 589
617 654 585
654 617 588
587 592 655
593 592 587
590 589 582
571 630 573
644 595 596
580 595 644
595 597 596
597 598 596
596 598 600
598 601 600
594 595 580
586 597 594
594 597 595
586 598 597
601 598 593
593 598 586
601 603 600
600 603 604
600 604 599
603 587 605
603 605 604
587 655 605
605 607 604
604 607 606
605 655 607
604 606 602
655 608 607
653 607 560
607 608 560
560 608 609
603 601 593
587 603 593
614 615 599
599 615 600
602 606 680
680 606 683
602 680 614
615 614 680
600 615 596
604 602 614
599 604 614
608 616 609
613 611 590
590 611 558
561 613 590
616 558 612
559 616 612
609 616 610
610 616 559
616 591 558
558 591 590
588 616 608
616 618 591
616 588 617
618 616 617
631 632 629
627 621 591
627 622 621
627 626 620
629 623 650
629 650 649
619 629 649
630 619 573
632 623 629
632 624 623
632 625 624
622 627 620
626 627 643
627 591 643
589 591 621
619 628 631
619 630 628
631 629 619
630 636 628
589 635 636
636 635 628
633 632 631
625 632 633
633 634 622
622 634 621
621 634 663
633 622 620
625 633 620
589 663 635
589 621 663
637 638 582
645 647 573
594 645 639
586 594 640
641 593 586
642 592 641
641 592 593
642 585 592
618 643 591
577 644 576
576 644 596
578 644 577
580 644 579
579 644 578
645 580 579
618 617 585
563 574 407
407 574 646
579 648 571
647 579 573
571 648 574
573 579 571
648 646 574
648 577 575
578 577 648
579 578 648
575 577 407
407 577 564
649 573 619
641 625 620
641 620 626
642 641 626
586 652 641
652 625 641
586 640 652
640 624 652
652 624 625
640 594 651
651 623 640
640 623 624
594 639 651
651 639 650
651 650 623
639 645 650
650 645 649
645 573 649
618 585 642
643 618 642
643 642 626
606 653 683
608 655 588
606 607 653
592 654 655
655 654 588
592 585 654
631 628 660
628 635 660
663 661 635
635 661 658
633 631 667
635 658 656
656 658 657
634 633 663
667 631 660
657 660 656
656 660 635
659 660 657
657 658 659
633 667 663
661 664 658
666 668 660
659 658 662
660 668 667
662 666 659
659 666 660
658 665 662
667 671 663
663 671 661
665 666 662
658 664 665
671 672 661
665 664 666
661 672 664
669 668 666
677 669 664
664 669 666
668 671 667
677 670 669
669 671 668
673 671 670
670 671 669
671 676 672
672 677 664
677 673 670
677 674 673
672 676 677
674 676 673
673 676 671
677 675 674
675 676 674
680 1306 678
1617 1306 680
680 679 615
679 564 615
683 1617 680
1616 1617 683
680 678 679
567 566 681
714 567 682
690 686 714
714 686 715
567 714 565
684 687 609
609 687 683
1616 683 687
685 718 568
739 685 715
690 688 686
682 689 714
689 690 714
693 692 690
692 710 690
690 710 688
693 690 689
691 693 689
1321 1627 693
691 1321 693
726 694 702
704 698 731
695 702 703
696 699 697
694 701 740
731 697 704
699 695 749
717 700 705
700 704 705
741 706 1638
1638 706 1637
741 705 706
749 695 744
744 695 703
744 703 716
716 703 739
712 711 707
707 711 708
711 709 708
709 1644 708
709 1646 1644
688 710 712
686 688 713
713 688 712
739 686 713
716 713 707
713 712 707
709 710 692
709 692 693
1627 1646 693
685 739 738
686 739 715
565 714 715
682 567 681
568 740 684
687 741 1616
1616 741 1675
684 717 687
718 740 568
740 717 684
738 718 685
706 753 1678
753 751 1678
751 743 1678
1678 743 1763
719 748 724
722 723 724
719 724 720
748 742 747
754 747 742
737 694 725
702 727 726
698 704 732
695 728 702
702 728 727
732 704 733
695 729 728
704 700 733
733 700 734
699 730 695
695 730 729
734 700 735
699 696 730
700 701 735
735 701 736
701 694 736
736 694 737
694 726 725
693 1646 709
710 709 711
712 710 711
739 713 716
703 738 739
718 738 702
702 738 703
694 718 702
740 718 694
687 717 741
1638 1675 741
701 700 717
717 705 741
701 717 740
721 1692 1677
1763 743 754
750 699 749
1637 706 1678
704 753 705
705 753 706
752 753 704
697 699 752
704 697 752
707 708 791
791 708 778
716 707 745
750 747 752
743 752 747
724 723 720
724 748 746
746 748 747
749 722 750
747 750 746
699 750 752
746 750 722
746 722 724
743 747 754
808 719 721
721 719 720
742 719 808
742 748 719
808 721 1677
743 751 752
749 744 722
722 744 716
722 716 745
751 753 752
755 1762 754
745 707 756
707 791 756
723 722 756
756 722 745
723 757 720
720 757 758
757 723 756
758 721 720
773 760 774
774 760 761
773 775 760
760 775 759
764 1705 766
766 1705 1706
766 1706 762
764 768 1705
1705 768 1704
761 760 765
760 759 763
763 759 767
767 768 763
763 768 764
765 766 762
788 761 765
765 762 788
765 760 763
765 763 766
766 763 764
768 767 789
789 767 790
767 759 790
790 759 792
1704 768 1715
1715 768 789
791 775 756
777 1722 772
772 1722 1717
791 792 775
776 777 769
769 777 772
1715 772 1717
770 771 776
776 771 777
1732 1722 771
771 1722 777
792 759 775
756 775 757
757 775 773
757 773 758
758 773 774
778 708 779
791 778 783
779 708 780
708 1644 780
780 1644 1725
778 779 781
783 778 781
780 1725 1728
781 779 780
783 781 784
781 782 784
780 782 781
1730 782 1728
1728 782 780
782 1731 784
1732 771 770
1734 1744 785
785 1744 793
784 785 794
1731 1734 784
784 1734 785
784 794 783
721 758 786
786 758 774
787 721 786
1876 1877 1878
1879 1880 1881
1882 1883 1884
1870 1865 1874
1885 1886 1887
1888 1889 1890
1891 1892 1893
1894 1895 1896
1897 1898 1899
1900 1901 1902
1903 1904 1905
1739 1872 1867
1906 1907 1908
788 786 761
761 786 774
772 1715 789
769 790 792
772 789 769
769 789 790
769 792 776
776 792 791
1732 770 1744
1744 770 793
783 794 791
791 794 776
770 776 793
793 776 794
793 794 785
682 401 689
407 404 408
679 678 389
894 803 800
802 893 801
893 800 801
800 803 801
803 799 801
799 798 801
798 895 801
895 802 801
797 803 894
797 805 803
803 805 799
806 798 799
795 895 806
806 895 798
894 804 797
805 806 799
797 796 805
805 796 806
896 797 804
896 807 797
807 796 797
807 897 796
897 898 796
898 806 796
898 795 806
755 742 808
1677 755 808
755 754 742
754 1762 1763
832 1766 1764
825 1769 1766
825 819 1769
1769 819 1771
816 817 810
1771 819 820
817 818 810
810 818 811
1786 847 818
847 828 811
811 828 836
818 847 811
810 826 816
821 837 814
1788 815 1789
863 1779 815
815 1779 1789
826 824 809
823 864 822
839 1809 863
863 1809 1779
831 839 863
1776 822 821
1776 821 1800
813 815 1788
1800 821 814
813 1788 1816
812 820 819
1768 1784 818
1784 1786 818
817 1768 818
827 812 819
1768 817 1765
1765 817 816
827 819 825
1807 1765 809
825 1766 832
809 1765 816
838 1807 809
838 809 824
835 825 824
824 825 832
825 835 827
836 827 835
828 812 836
836 812 827
837 829 1816
1816 829 813
830 829 837
864 831 830
830 831 863
816 826 809
815 813 829
815 829 863
863 829 830
836 810 811
814 837 1816
822 864 821
1807 838 833
833 838 834
846 832 1764
833 834 1801
834 832 844
844 832 846
824 834 838
832 834 824
823 831 864
821 864 830
821 830 837
810 836 835
826 810 835
824 826 835
840 1808 839
839 1808 1809
842 823 840
840 823 1776
840 1776 1808
831 841 839
842 831 823
839 843 840
840 843 842
842 841 831
842 843 841
841 843 839
844 846 845
844 845 1801
845 846 1801
834 844 1801
846 1802 1801
812 828 847
847 820 812
1786 820 847
848 849 851
850 848 851
850 851 849
854 853 855
856 852 855
856 855 853
852 856 853
854 855 852
859 861 862
860 859 862
857 860 861
857 861 858
858 861 859
861 860 862
1776 823 822
868 866 869
865 869 866
867 865 866
867 866 868
868 869 865
872 876 873
877 871 873
877 873 876
870 874 873
874 872 873
871 870 873
875 871 876
876 871 877
879 884 880
884 885 880
885 881 880
878 882 880
881 878 880
882 879 880
883 885 884
883 884 879
1860 887 891
891 1856 1860
1857 892 1861
886 891 887
890 891 886
888 890 886
886 889 888
890 1856 891
886 1857 889
886 892 1857
1855 890 888
889 1859 888
1855 1856 890
1859 889 1857
892 886 887
1468 904 905
900 902 911
903 900 911
901 899 0
1471 900 903
1470 899 901
902 1470 901
1471 903 1468
1468 903 904
1154 909 1153
902 901 916
910 909 908
908 909 1154
902 916 911
911 916 906
911 906 907
1182 910 908
915 911 907
1153 915 907
909 915 1153
909 903 915
916 901 914
905 1182 1469
1469 1182 913
0 912 901
901 912 914
903 911 915
905 904 1182
1182 904 910
903 909 904
904 909 910
940 921 939
939 924 922
921 924 939
925 926 921
921 926 924
921 923 925
923 1076 925
924 927 922
937 936 1065
1065 936 931
934 1066 928
936 935 929
929 931 936
1068 1067 930
934 933 937
933 934 928
935 936 933
933 936 937
930 933 928
1067 935 933
1067 933 930
1068 918 1067
1091 940 939
1091 938 940
1092 917 929
1092 929 918
931 917 927
917 931 929
940 938 921
1066 938 932
920 932 938
1068 932 919
919 932 920
942 1030 961
941 944 961
948 953 952
944 945 952
945 954 950
943 947 954
943 942 947
961 944 952
941 945 944
950 948 952
948 949 953
942 949 947
949 948 950
950 954 949
947 949 954
945 950 952
952 951 961
942 961 951
953 942 946
949 942 953
951 952 946
942 951 946
952 953 946
941 961 959
1030 942 960
962 955 1039
959 957 978
962 956 955
959 1030 957
934 937 958
937 1060 958
958 1083 934
958 1088 1083
958 1060 1088
1039 955 956
961 1030 959
942 1039 1087
960 942 1087
954 956 962
941 959 978
954 978 956
978 945 941
943 954 962
943 962 942
942 962 1039
954 945 978
983 964 965
983 965 982
982 965 966
981 967 971
963 982 969
965 970 966
965 964 970
981 963 969
969 967 981
966 967 969
966 968 967
982 966 969
968 966 970
968 964 967
967 964 971
968 970 964
981 972 964
971 964 972
981 971 972
983 979 964
983 982 979
979 974 1033
980 975 976
979 978 974
980 1086 975
975 977 976
976 977 999
1033 1002 981
981 1002 1086
978 976 999
975 1086 977
981 1086 973
973 1086 980
976 978 982
982 978 979
973 980 976
964 979 1033
976 982 973
982 963 973
981 964 1033
963 981 973
1006 986 987
1006 987 984
994 995 991
988 989 991
984 992 993
991 989 994
987 990 984
984 990 992
989 984 993
992 995 993
987 986 990
985 989 988
995 994 993
986 992 990
993 994 989
988 991 996
986 996 997
991 995 996
992 986 995
986 997 995
996 995 997
988 1001 1005
1005 1001 998
984 1004 999
986 1006 1086
1005 998 989
989 998 1004
986 1086 996
984 999 1006
1004 1001 1000
1001 1038 1000
998 1001 1004
1006 999 1003
999 1004 1000
996 1086 1001
1006 1003 1086
989 1004 984
989 985 1005
988 996 1001
985 988 1005
1026 1017 1007
1020 1013 1011
1026 1007 1013
1014 1018 1016
1008 1011 1012
1015 1013 1010
1013 1015 1011
1007 1017 1009
1013 1007 1010
1010 1007 1009
1015 1010 1017
1016 1008 1012
1016 1012 1014
1018 1014 1015
1017 1010 1009
1011 1015 1014
1011 1014 1012
1008 1016 1025
1015 1017 1018
1017 1025 1016
1016 1018 1017
1025 1017 1044
1026 1019 1017
1017 1019 1044
1026 1013 1019
1036 1024 1031
1031 1024 1039
1020 1043 1013
1022 1021 1044
1013 1043 1022
1027 1024 1036
1020 1027 1036
1023 1025 1044
1019 1013 1022
1024 1025 1023
1019 1022 1044
1020 1011 1027
1011 1008 1027
1008 1025 1024
1027 1008 1024
1040 1089 1028
956 1041 1039
978 1041 956
1039 1035 1031
1035 1036 1031
1001 1086 1038
974 957 1033
1033 957 1030
974 978 957
960 1033 1030
1042 999 1032
1000 1038 1037
1002 1033 960
1041 1036 1035
1039 1041 1035
1041 1042 1032
1003 977 1086
977 1003 999
1032 1029 1020
1020 1036 1032
1040 1032 1034
1028 1032 1040
999 1000 1034
1032 999 1034
1034 1000 1040
1036 1041 1032
1042 1041 978
978 999 1042
1090 1080 1043
1080 1044 1043
1021 1022 1043
1044 1021 1043
1029 1043 1020
1032 1028 1029
1079 1051 1055
1055 1051 1040
1045 1048 1051
1050 1049 1053
1048 1049 1050
1040 1052 1046
1051 1048 1050
1047 1046 1049
1045 1049 1048
1053 1052 1054
1052 1053 1049
1052 1049 1046
1040 1051 1052
1050 1053 1054
1051 1054 1052
1051 1050 1054
1046 1047 1040
1047 1049 1075
1049 1045 1075
1051 1079 1078
1051 1078 1045
1037 1040 1000
1055 1040 1056
1057 1056 1040
1037 1057 1040
1038 1079 1037
1037 1079 1057
1055 1056 1079
1057 1079 1056
1070 1059 1069
1069 1059 1072
1071 1072 1058
1059 938 1072
1072 938 1058
1083 1085 934
1058 1066 1085
938 1066 1058
923 921 1059
1059 921 938
1066 934 1085
1074 1073 1060
1081 1061 1062
1061 1063 1062
1062 1063 1023
1065 1074 937
924 1073 927
924 1063 1073
926 1063 924
926 1023 1063
1028 1089 1064
927 1073 1065
1065 1073 1074
1060 1061 1081
1060 1063 1061
1073 1063 1060
1085 1071 1058
1085 1069 1072
1085 1072 1071
1085 1070 1069
932 1068 930
928 932 930
935 1067 918
918 929 935
928 1066 932
1065 931 927
1075 1077 1089
1075 1078 1077
1078 1079 1076
1045 1078 1075
937 1074 1060
1089 1040 1047
1028 1043 1029
1043 1028 1090
1060 1081 1090
1090 1081 1080
1044 1080 1062
1062 1080 1081
1082 1064 1077
1077 1064 1089
1084 1082 1078
1077 1078 1082
1059 1070 1078
1078 1070 1084
1085 1084 1070
1090 1088 1060
1023 1044 1062
1087 1023 926
925 1087 926
1078 923 1059
1024 1023 1039
1038 1086 1002
1076 1079 1038
1076 1038 925
925 1038 1002
960 1087 925
1039 1023 1087
925 1002 960
1078 1076 923
1085 1083 1084
1088 1064 1084
1084 1064 1082
1084 1083 1088
1075 1089 1047
1088 1090 1028
1028 1064 1088
1098 927 917
938 1100 920
920 1100 1094
917 1092 1098
938 1091 1100
922 1091 939
919 1094 1068
1068 1094 1093
920 1094 919
1068 1092 918
1096 1095 1091
1068 1093 1111
1099 1098 1092
1095 1100 1091
922 1096 1091
1097 1096 927
927 1096 922
1068 1111 1092
1092 1111 1099
1098 1097 927
1128 1124 1100
1100 1124 1094
1102 1101 1096
1096 1101 1095
1099 1105 1098
1098 1105 1104
1101 1128 1095
1095 1128 1100
1124 1093 1094
1097 1103 1096
1096 1103 1102
1098 1104 1097
1097 1104 1103
1119 1110 1114
1114 1110 1109
1113 1202 1120
1120 1202 1115
1107 1106 1121
1112 1111 1093
1119 1122 1110
1106 1113 1120
1123 1108 1121
1121 1108 1107
1146 1112 1124
1124 1112 1093
1114 1109 1123
1123 1109 1108
1202 1146 1115
1115 1146 1124
1115 1124 1128
1127 1114 1116
1126 1116 1121
1129 1120 1128
1104 1105 1119
1121 1129 1126
1120 1115 1128
1104 1119 1127
1127 1119 1114
1109 1110 1117
1195 1207 1169
1167 1193 1194
1099 1111 1125
1116 1114 1123
1099 1125 1105
1105 1125 1122
1116 1123 1121
1106 1120 1129
1105 1122 1119
1121 1106 1129
1103 1104 1127
1126 1129 1102
1102 1129 1101
1129 1128 1101
1102 1116 1126
1103 1127 1102
1102 1127 1116
1110 1197 1117
1206 1131 1108
1108 1131 1107
1131 1130 1107
1107 1130 1106
1133 1213 1206
1136 1135 1186
1206 1108 1117
1117 1108 1109
1118 1196 1197
1176 1118 1173
1188 1226 1175
1192 1208 1137
1137 1168 1207
1214 1187 1220
1111 1112 1138
1200 1139 1201
1200 1141 1139
1139 1141 1140
1141 1148 1140
1140 1148 1142
1180 1144 1181
1142 1143 1140
1201 1177 1138
1138 1177 1205
1143 1178 1140
1140 1178 1139
1145 1125 1138
1138 1125 1111
1205 1145 1138
1145 1122 1125
1205 1152 1145
1145 1152 1170
1205 1155 1172
1179 1155 1177
1200 1203 1141
1141 1203 1147
1203 1146 1202
1200 1112 1203
1203 1112 1146
1145 1170 1176
1147 1185 1148
1148 1141 1147
1181 1148 1185
1180 1181 1149
1171 1170 1194
1194 1170 1152
1157 1151 1172
1172 1151 1152
1172 1155 1157
1157 1155 906
1181 1182 1154
1166 914 263
1157 916 1151
1151 916 1166
1142 1153 1143
1154 1153 1142
1185 1199 1149
1202 1204 1147
1180 1183 1150
1204 1185 1147
1106 1130 1113
1185 1159 1199
1156 1158 1204
1204 1158 1185
1212 1215 1210
1215 1211 1158
1190 1162 1159
1212 1161 1160
1184 1163 274
1167 1151 1164
1164 1151 1166
1216 283 1165
297 264 1208
1164 1193 1167
1157 906 916
1194 1152 1167
1167 1152 1151
1165 1221 1187
916 914 1166
1118 1176 1207
1207 1176 1171
1176 1170 1171
1214 1220 1188
907 906 1155
1153 907 1143
1143 907 1178
907 1179 1178
1145 1176 1122
1195 1169 1196
1196 1169 1174
1178 1179 1177
1186 1189 1136
1173 1197 1110
1173 1118 1197
1110 1122 1173
1173 1122 1176
1179 907 1155
1162 1184 1159
1159 1184 1199
1184 1198 1199
1149 1199 1180
1180 1199 1183
1144 913 1181
1181 913 1182
1150 1144 1180
1211 1190 1158
1158 1190 1159
1158 1159 1185
1149 1181 1185
1181 1154 1142
1181 1142 1148
1182 908 1154
1169 1175 1189
1169 1214 1188
1208 1165 1168
1168 1165 1187
1134 1161 1212
1160 1211 1215
1184 274 1198
1212 1160 1215
1168 1187 1214
1208 1216 1165
1169 1188 1175
1135 1134 1213
1213 1134 1132
1186 1135 1213
1118 1195 1196
1207 1195 1118
1193 1192 1194
1171 1194 1207
1132 1212 1210
1215 1158 1156
1199 1198 1183
1213 1132 1209
1209 1132 1210
1206 1213 1209
1197 1191 1117
1117 1191 1206
1133 1206 1191
1130 1204 1113
1113 1204 1202
1177 1155 1205
1147 1203 1202
1152 1205 1172
1139 1178 1201
1201 1178 1177
1200 1201 1112
1112 1201 1138
1166 263 1164
1204 1130 1215
1215 1130 1210
1206 1209 1131
1209 1210 1131
1131 1210 1130
1197 1196 1174
1194 1192 1137
1164 297 1193
1193 297 1208
263 297 1164
1197 1174 1191
1191 1174 1133
1194 1137 1207
1193 1208 1192
1215 1156 1204
1186 1213 1133
1207 1168 1214
264 1216 1208
1137 1208 1168
1207 1214 1169
1133 1174 1186
1186 1174 1189
1174 1169 1189
1134 1212 1132
1211 1224 1190
1227 1219 1189
1189 1219 1136
1162 1225 1184
1175 1227 1189
1224 1225 1190
1190 1225 1162
1175 1226 1227
1225 1163 1184
1187 1221 1220
1218 1217 1135
1135 1217 1134
1188 1220 1226
1219 1218 1136
1136 1218 1135
1223 1222 1161
1161 1222 1160
1222 1224 1160
1160 1224 1211
1217 1223 1134
1134 1223 1161
283 315 1165
1225 1257 1163
1235 1232 1165
1165 1232 1221
315 1259 1165
1165 1259 1235
1224 1239 1225
1220 1237 1226
1236 1220 1221
1234 1233 1223
1223 1233 1222
1226 1237 1231
1233 1260 1222
1222 1260 1224
1229 1228 1218
1218 1228 1217
1238 1230 1227
1227 1230 1219
1260 1239 1224
1230 1229 1219
1219 1229 1218
1239 1257 1225
1226 1231 1227
1227 1231 1238
1217 1228 1223
1223 1228 1234
1232 1236 1221
1258 1240 1245
1236 1246 1251
1235 1246 1236
1259 333 1235
1249 1248 1260
1235 333 1246
1261 1243 1237
1237 1243 1247
1236 1251 1261
1261 1251 1243
1262 1245 1244
1237 1247 1264
1264 1247 1242
1263 1241 1258
1258 1241 1240
1264 1242 1230
1230 1242 1254
1244 1249 1262
1262 1249 1260
1254 1241 1230
1230 1241 1263
1271 1268 1272
1281 1250 1280
1272 1268 1287
333 1256 1246
1246 1256 1295
1249 1255 1248
1248 1337 1257
1246 1295 1251
1240 1252 1245
1242 1253 1294
1242 1294 1254
1336 1249 1244
1242 1247 1253
1245 1252 1244
1244 1252 1336
1243 1251 1291
1243 1291 1247
1230 1263 1229
1264 1230 1238
1229 1263 1228
1228 1263 1258
1233 1262 1260
1231 1237 1264
1245 1262 1234
1234 1262 1233
1236 1261 1220
1261 1237 1220
1260 1248 1239
1235 1236 1232
1228 1258 1234
1234 1258 1245
1231 1264 1238
1248 1257 1239
1266 1269 1396
1271 1269 1266
1271 1380 1268
1265 1396 1308
1343 1267 1279
1268 1343 1279
1271 1272 1269
1396 1273 1308
1267 1265 1270
1279 1267 1270
1396 1269 1273
1250 1281 1274
1250 1274 1275
1275 1278 1294
1298 1302 1286
1286 1302 1276
1276 1277 1282
1282 1277 1303
1303 1277 1326
1326 1301 1304
1275 1274 1278
1279 1270 1280
1287 1268 1279
1287 1279 1288
1288 1279 1280
1317 1272 1287
1281 1280 1270
1275 1290 1250
1250 1290 1289
1286 1276 1283
1250 1289 1280
1280 1289 1288
1276 1282 1283
1286 1290 1275
1289 1284 1288
1290 1283 1289
1289 1283 1284
1283 1290 1286
1287 1288 1285
1319 1317 1285
1285 1317 1287
1294 1298 1275
1275 1298 1286
1294 1278 1254
1251 1292 1291
1247 1293 1253
1295 1292 1251
1247 1291 1293
1293 1294 1253
1299 1297 1295
1295 1297 1292
1300 1299 1296
1296 1299 1256
1292 1297 1291
1293 1298 1294
1256 1299 1295
1297 1277 1291
1291 1277 1293
1277 1302 1293
1293 1302 1298
1301 1277 1297
1297 1299 1301
1304 1299 1300
1277 1276 1302
1326 1277 1301
1299 1304 1301
1300 1305 1304
1304 1305 1306
1270 1308 1281
1274 1307 1278
1274 1281 1307
1308 1270 1265
1307 1309 1310
1281 1308 1309
1307 1310 1278
1278 1310 1254
1281 1309 1307
1311 1309 1314
1314 1309 1308
1309 1311 1310
1310 1311 1312
1314 1308 1273
1312 1311 1240
1241 1254 1312
1312 1254 1310
1240 1241 1312
1313 1273 1269
1269 1318 1313
1269 1272 1318
1272 1317 1318
1316 1315 1324
1324 1315 1319
1339 1320 1321
1624 1320 1324
1319 1315 1317
1317 1315 1318
1288 1322 1285
1288 1284 1322
1285 1323 1319
1285 1322 1323
1284 1283 1282
1320 1316 1324
1304 1325 1326
1326 1325 1303
1303 1325 1575
1322 1284 1501
1319 1327 1324
1282 1303 1500
1500 1303 1575
1501 1284 1282
1319 1323 1327
1273 1313 1332
1329 1331 1330
1328 1333 1332
1333 1329 1330
1331 1334 1255
1330 1331 1255
1332 1333 1335
1335 1333 1336
1336 1333 1330
1255 1334 1337
1314 1273 1332
1311 1314 1335
1335 1314 1332
1240 1311 1252
1252 1311 1335
1252 1335 1336
1249 1336 1330
1255 1249 1330
1337 1248 1255
1338 1316 1329
1316 1339 1329
1329 1339 1331
1339 1341 1331
1331 1341 1340
1315 1338 1332
1315 1316 1338
1315 1332 1318
1313 1318 1332
1328 1332 1338
1328 1338 1333
1329 1333 1338
1334 1331 1340
1321 1320 1624
1341 1339 1321
1320 1339 1316
1268 1380 1343
1347 1418 1348
1418 1347 1344
1344 1360 1405
1345 1380 1271
1418 1344 1357
1347 1350 1375
1347 1348 1350
1350 1348 1358
1352 1351 1353
1352 1353 1420
1357 1344 1351
1352 1357 1351
1344 1349 1351
1351 1349 1353
1349 1405 1354
1350 1358 1356
1356 1358 1420
1346 1358 1418
1418 1358 1348
1344 1405 1349
1405 1360 1406
1406 1360 1359
1406 1359 1367
1367 1353 1406
1369 1361 1438
1362 1361 1369
1365 1435 1364
1365 1364 1434
1434 1363 1438
1434 1364 1363
1438 1363 1369
1368 1435 1362
1435 1366 1364
1362 1369 1368
1360 1368 1359
1359 1368 1367
1367 1368 1369
1265 1267 1397
1397 1267 1370
1396 1398 1266
1266 1398 1389
1345 1271 1388
1371 1382 1372
1384 1371 1372
1374 1363 1364
1394 1373 1366
1366 1373 1364
1387 1347 1375
1420 1367 1369
1271 1389 1388
1389 1271 1266
1377 1426 1425
1427 1377 1425
1402 1427 1376
1402 1377 1427
1378 1400 1376
1378 1375 1350
1356 1378 1350
1356 1420 1378
1389 1398 1379
1379 1398 1392
1370 1267 1342
1342 1267 1343
1372 1374 1384
1382 1371 1394
1374 1372 1385
1426 1377 1402
1400 1420 1363
1391 1402 1383
1383 1402 1401
1371 1384 1394
1372 1382 1385
1394 1384 1373
1374 1364 1384
1384 1364 1373
1386 1382 1379
1379 1382 1389
1390 1360 1387
1344 1347 1360
1360 1347 1387
1366 1435 1394
1435 1368 1394
1394 1368 1360
1387 1375 1391
1345 1360 1390
1394 1388 1382
1360 1345 1394
1389 1382 1388
1388 1394 1345
1380 1345 1390
1426 1402 1391
1383 1342 1391
1370 1342 1393
1375 1426 1391
1342 1343 1390
1390 1343 1380
1342 1390 1387
1402 1400 1401
1393 1383 1401
1392 1399 1403
1399 1392 1381
1399 1381 1397
1397 1370 1393
1342 1383 1393
1342 1387 1391
1379 1392 1386
1386 1392 1403
1386 1403 1385
1374 1385 1403
1382 1386 1395
1382 1395 1385
1398 1396 1397
1397 1381 1398
1265 1397 1396
1392 1398 1381
1399 1400 1403
1374 1400 1363
1374 1403 1400
1401 1400 1399
1400 1378 1420
1367 1420 1353
1420 1369 1363
1402 1376 1400
1401 1399 1393
1393 1399 1397
1395 1386 1385
1406 1404 1355
1405 1407 1354
1355 1404 1405
1354 1407 1349
1355 1405 1406
1404 1409 1405
1409 1407 1405
1349 1410 1353
1349 1407 1410
1406 1408 1404
1406 1353 1412
1408 1411 1409
1412 1413 1409
1410 1409 1414
1353 1413 1412
1406 1412 1408
1408 1412 1411
1411 1412 1409
1413 1353 1414
1414 1353 1410
1413 1414 1409
1410 1407 1409
1404 1408 1409
1416 1419 1357
1421 1419 1352
1352 1419 1416
1352 1420 1421
1420 1358 1424
1418 1417 1424
1421 1422 1419
1421 1423 1422
1420 1423 1421
1424 1423 1420
1423 1424 1422
1422 1424 1417
1419 1422 1417
1357 1417 1418
1424 1415 1418
1424 1358 1415
1357 1419 1417
1415 1346 1418
1415 1358 1346
1416 1357 1352
1426 1430 1427
1375 1430 1426
1428 1431 1430
1378 1428 1429
1431 1432 1430
1427 1430 1432
1428 1427 1432
1376 1428 1378
1430 1429 1428
1432 1431 1428
1425 1426 1427
1428 1376 1427
1430 1378 1429
1375 1378 1430
1434 1438 1440
1437 1435 1436
1443 1444 1436
1438 1439 1440
1438 1437 1442
1440 1441 1435
1435 1441 1443
1440 1439 1444
1442 1439 1438
1443 1440 1444
1440 1443 1441
1435 1443 1436
1444 1439 1436
1442 1437 1439
1439 1437 1436
1433 1437 1438
1435 1434 1440
1434 1435 1365
1433 1438 1361
1437 1433 1362
1362 1433 1361
1435 1437 1362
1478 1456 1474
1456 1445 1473
1476 1478 1477
1475 1476 1477
902 1450 1470
1446 1475 1477
1470 1450 899
1449 1446 1477
1472 540 1447
1447 542 1465
1450 1448 899
902 1449 1474
1472 1446 1468
902 1474 1473
1487 1486 1485
1451 1460 1463
1492 1489 1490
1453 1481 1461
1481 1483 1461
1458 1452 1482
1460 1487 1455
557 1492 1491
1488 1490 1462
1456 1478 1479
1483 1464 1461
531 1454 1489
1466 529 1467
1492 1467 531
557 1466 1492
1492 1466 1467
1468 1446 1471
1449 902 900
1472 1468 905
1469 1472 905
1471 1449 900
1446 1449 1471
1446 1472 1475
902 1473 1450
1472 1447 1475
1449 1477 1474
1450 1473 1448
540 542 1447
1474 1456 1473
1477 1478 1474
1447 1465 1476
1447 1476 1475
1476 1453 1478
1465 1459 1476
1456 1479 1445
1453 1476 1457
544 1459 1465
1461 1479 1478
1459 1457 1476
1453 1461 1478
544 1482 1459
1457 1481 1453
1482 1457 1459
1479 1461 1464
1452 1481 1457
1452 1463 1481
1482 1452 1457
1464 1455 1480
1483 1455 1464
1460 1455 1483
1463 1483 1481
1463 1460 1483
1451 1463 1458
1458 1463 1452
1484 1455 1485
1458 1488 1451
551 1488 1458
1462 1460 1451
1487 1485 1455
1488 1462 1451
1462 1487 1460
1490 1487 1462
1491 1490 1488
1487 1489 1486
1490 1489 1487
1491 1492 1490
1492 531 1489
1505 1493 1550
1501 1500 1498
1498 1500 1509
1502 1549 1495
1648 1322 1497
1497 1322 1498
1505 1550 1494
1504 1546 1590
1623 1519 1505
1505 1519 1499
1504 1506 1546
1649 1567 1623
1623 1567 1519
1502 1495 1506
1505 1499 1493
1496 1648 1497
1322 1501 1498
1505 1494 1502
1502 1494 1549
1497 1498 1507
1498 1509 1508
1509 1510 1508
1511 1497 1507
1511 1507 1512
1512 1507 1498
1512 1498 1513
1513 1498 1508
1572 1574 1516
1503 1569 1517
1503 1517 1575
1575 1517 1576
1500 1516 1574
1515 1573 1578
1578 1570 1529
1567 1522 1519
1519 1522 1520
1521 1522 1566
1512 1497 1511
1566 1522 1513
1513 1522 1523
1523 1524 1513
1513 1524 1512
1496 1523 1649
1649 1523 1567
1524 1525 1512
1497 1512 1525
1497 1525 1496
1496 1525 1524
1496 1524 1523
1521 1553 1520
1530 1526 1591
1589 1526 1530
1545 1531 1543
1543 1531 1527
1520 1522 1521
1514 1513 1508
1532 1571 1569
1571 1532 1570
1532 1569 1533
1533 1569 1535
1535 1569 1534
1537 1535 1534
1529 1570 1532
1528 1529 1533
1533 1529 1532
1535 1528 1533
1528 1535 1527
1527 1535 1537
1537 1534 1540
1540 1534 1539
1534 1536 1539
1543 1540 1542
1540 1539 1542
1543 1542 1545
1542 1539 1544
1544 1539 1548
1545 1542 1544
1539 1541 1548
1545 1544 1547
1544 1590 1546
1544 1546 1547
1547 1546 1506
1527 1537 1540
1527 1540 1543
1534 1503 1536
1536 1503 1538
1504 1548 1618
1618 1548 1541
1538 1618 1541
1618 1538 1503
1503 1534 1569
1538 1541 1539
1538 1539 1536
1547 1506 1551
1550 1493 1520
1520 1493 1499
1520 1499 1519
1494 1550 1551
1494 1551 1549
1549 1551 1495
1495 1551 1506
1550 1553 1551
1520 1553 1550
1547 1551 1589
1553 1552 1551
1526 1589 1551
1526 1551 1552
1559 1558 1563
1555 1553 1554
1565 1555 1554
1556 1587 1555
1579 1581 1559
1577 1579 1559
1560 1577 1559
1513 1514 1560
1559 1581 1558
1581 1583 1558
1583 1557 1558
1556 1555 1565
1587 1568 1555
1568 1553 1555
1554 1553 1521
1563 1561 1560
1560 1561 1513
1563 1560 1559
1513 1561 1566
1561 1562 1566
1566 1562 1521
1558 1593 1563
1557 1593 1558
1565 1564 1593
1565 1554 1564
1564 1554 1596
1593 1556 1565
1593 1557 1556
1562 1596 1521
1596 1554 1521
1523 1522 1567
1514 1515 1578
1580 1578 1529
1584 1529 1528
1586 1528 1527
1588 1586 1531
1531 1586 1527
1591 1588 1531
1553 1568 1552
1576 1517 1571
1571 1517 1569
1576 1571 1518
1518 1571 1573
1573 1571 1570
1573 1570 1578
1591 1526 1552
1509 1500 1510
1510 1500 1574
1508 1572 1573
1514 1573 1515
1510 1572 1508
1508 1573 1514
1510 1574 1572
1572 1516 1576
1572 1576 1518
1572 1518 1573
1575 1576 1500
1500 1576 1516
1514 1577 1560
1556 1557 1586
1587 1556 1586
1587 1586 1588
1586 1585 1528
1586 1557 1585
1528 1585 1584
1557 1583 1585
1585 1583 1584
1529 1584 1582
1583 1581 1584
1584 1581 1582
1529 1582 1580
1580 1582 1579
1582 1581 1579
1580 1579 1578
1578 1579 1577
1578 1577 1514
1588 1591 1552
1588 1552 1568
1587 1588 1568
1504 1590 1548
1589 1545 1547
1544 1548 1590
1589 1530 1545
1545 1530 1531
1530 1591 1531
1563 1595 1561
1561 1595 1562
1596 1562 1600
1600 1562 1597
1593 1599 1563
1562 1592 1597
1597 1592 1594
1596 1593 1564
1563 1599 1595
1562 1595 1592
1592 1595 1594
1594 1595 1598
1597 1594 1598
1593 1596 1599
1600 1597 1606
1595 1603 1602
1597 1598 1601
1599 1603 1595
1595 1602 1598
1598 1602 1601
1597 1601 1604
1599 1596 1605
1605 1596 1600
1601 1602 1604
1606 1597 1604
1605 1600 1608
1602 1606 1604
1608 1600 1606
1602 1603 1607
1606 1607 1614
1602 1607 1606
1599 1605 1603
1607 1609 1614
1603 1605 1607
1607 1605 1609
1609 1605 1610
1611 1605 1608
1606 1614 1608
1609 1610 1614
1610 1612 1614
1611 1608 1614
1605 1611 1610
1610 1611 1612
1612 1613 1614
1612 1611 1613
1615 1616 1675
1617 1616 1615
1325 1306 1618
1618 1306 1617
1503 1325 1618
1503 1575 1325
1618 1617 1504
1504 1617 1615
1322 1648 1323
1648 1619 1327
1649 1620 1619
1619 1620 1621
1619 1648 1496
1502 1506 1622
1622 1506 1504
1622 1504 1615
1505 1652 1623
1649 1623 1650
1620 1625 1621
1619 1624 1327
1619 1621 1624
1621 1626 1645
1625 1671 1621
1621 1671 1626
1624 1621 1645
1624 1645 1321
1645 1627 1321
1628 1629 1634
1663 1635 1633
1630 1641 1629
1632 1683 1662
1636 1634 1674
1635 1632 1633
1683 1682 1630
1676 1640 1631
1631 1640 1635
1639 1638 1637
1640 1638 1639
1682 1642 1630
1630 1642 1641
1642 1651 1641
1641 1651 1650
1685 1643 1697
1697 1643 1672
1685 1670 1643
1685 1644 1670
1644 1646 1670
1672 1671 1625
1672 1625 1673
1673 1625 1620
1673 1620 1650
1697 1673 1651
1697 1672 1673
1671 1670 1626
1626 1670 1645
1627 1645 1646
1647 1650 1623
1649 1650 1620
1649 1619 1496
1323 1648 1327
1502 1674 1505
1615 1638 1622
1615 1675 1638
1622 1676 1502
1505 1674 1652
1502 1676 1674
1647 1623 1652
1678 1653 1639
1678 1693 1653
1686 1655 1687
1686 1695 1680
1687 1694 1686
1655 1690 1654
1762 1654 1690
1634 1669 1657
1628 1658 1629
1635 1663 1664
1658 1659 1629
1629 1659 1630
1635 1664 1665
1659 1660 1630
1635 1665 1631
1631 1665 1666
1660 1661 1630
1630 1661 1683
1631 1666 1667
1683 1661 1662
1631 1667 1636
1636 1667 1668
1636 1668 1634
1634 1668 1669
1634 1657 1628
1646 1645 1670
1643 1670 1671
1643 1671 1672
1651 1673 1650
1647 1641 1650
1652 1629 1647
1647 1629 1641
1652 1634 1629
1652 1674 1634
1676 1622 1638
1636 1676 1631
1676 1638 1640
1636 1674 1676
1691 1677 1692
1682 1683 1688
1678 1639 1637
1640 1653 1635
1639 1653 1640
1635 1653 1689
1689 1683 1632
1689 1632 1635
1697 1698 1685
1685 1698 1684
1651 1681 1697
1688 1689 1690
1689 1693 1690
1694 1695 1686
1655 1686 1656
1655 1656 1690
1680 1682 1688
1690 1656 1688
1683 1689 1688
1688 1656 1680
1686 1680 1656
1762 1690 1693
1693 1678 1763
1679 1691 1687
1687 1691 1694
1654 1679 1687
1687 1655 1654
1691 1679 1677
1693 1763 1762
1682 1680 1642
1642 1680 1651
1681 1651 1680
1689 1653 1693
1677 1762 755
1696 1697 1681
1696 1698 1697
1695 1696 1680
1680 1696 1681
1694 1699 1695
1700 1699 1694
1696 1695 1699
1691 1700 1694
1703 1702 1719
1719 1702 1721
1721 1702 1720
1720 1702 1701
1706 1705 1710
1710 1705 1709
762 1706 1710
1709 1705 1713
1713 1705 1704
1703 1711 1702
1702 1708 1701
1701 1708 1712
1709 1713 1708
1708 1713 1712
762 1710 1711
1703 1707 1711
1707 762 1711
1702 1711 1708
1711 1710 1708
1708 1710 1709
1713 1740 1712
1712 1740 1742
1712 1742 1701
1701 1742 1741
1704 1715 1713
1713 1715 1740
1720 1698 1696
1724 1716 1722
1722 1716 1717
1698 1720 1741
1723 1714 1724
1724 1714 1716
1715 1717 1716
1733 1723 1718
1718 1723 1724
1724 1722 1718
1718 1722 1732
1741 1720 1701
1721 1720 1699
1699 1720 1696
1719 1721 1700
1700 1721 1699
1685 1684 1727
1743 1684 1698
1685 1727 1644
1644 1727 1725
1684 1726 1727
1684 1743 1726
1727 1728 1725
1727 1726 1728
1729 1726 1743
1729 1730 1726
1730 1728 1726
1729 1731 1730
1730 1731 782
1718 1732 1733
1734 1735 1744
1744 1735 1745
1736 1735 1729
1729 1735 1731
1734 1731 1735
1736 1729 1743
1691 1737 1700
1700 1737 1719
1691 1738 1737
1909 1910 1911
1912 1913 1914
1915 1916 1917
1871 1875 1866
1918 1919 1920
1921 1922 1923
1924 1925 1926
1927 1928 1929
1930 1931 1932
1933 1934 1935
1936 1937 1938
1869 1868 1873
1939 1940 1941
1707 1703 1737
1737 1703 1719
1716 1740 1715
1741 1742 1714
1742 1740 1714
1714 1740 1716
1698 1741 1723
1723 1741 1714
1732 1744 1733
1733 1744 1745
1723 1736 1698
1698 1736 1743
1736 1723 1745
1745 1723 1733
1735 1736 1745
1624 1324 1327
1501 1282 1500
1304 1306 1325
1753 1758 1760
1756 1757 1759
1759 1757 1758
1758 1757 1760
1760 1757 1754
1754 1757 1755
1755 1757 1750
1750 1757 1756
1752 1753 1760
1752 1760 1751
1760 1754 1751
1761 1754 1755
1749 1761 1750
1761 1755 1750
1753 1752 1862
1751 1754 1761
1752 1751 1748
1751 1761 1748
1863 1862 1752
1863 1752 1747
1747 1752 1748
1747 1748 1864
1864 1748 1746
1746 1748 1761
1746 1761 1749
1677 1679 1654
1677 1654 1762
1764 1766 1780
1780 1766 1770
1766 1769 1770
1770 1769 1785
1785 1769 1771
1782 1767 1793
1785 1771 820
1782 1793 1783
1783 1793 1772
1784 1773 1786
1773 1772 1795
1772 1773 1783
1783 1773 1784
1767 1792 1793
1787 1775 1800
1781 1806 1792
1832 1778 1804
1791 1770 1794
1779 1809 1777
1777 1809 1805
1800 1778 1776
1789 1779 1774
1774 1779 1777
1797 1788 1774
1774 1788 1789
1787 1800 814
1798 1788 1797
1785 820 1796
1788 1798 1816
1768 1783 1784
1768 1782 1783
1794 1785 1796
1767 1782 1765
1765 1782 1768
1770 1785 1794
1807 1781 1765
1765 1781 1767
1814 1764 1780
1781 1807 1806
1780 1770 1790
1790 1770 1791
1790 1791 1803
1803 1791 1794
1803 1794 1795
1794 1796 1795
1795 1796 1773
1797 1799 1798
1798 1799 1775
814 1816 1787
1787 1816 1798
1775 1799 1833
1833 1805 1804
1814 1780 1790
1777 1805 1833
1781 1792 1767
1797 1774 1799
1774 1777 1799
1799 1777 1833
1772 1793 1795
1775 1787 1798
1778 1800 1804
1814 846 1764
1807 833 1806
1802 1806 833
1815 1806 1802
1802 833 1801
1790 1806 1814
1814 1806 1815
1804 1805 1832
1833 1804 1800
1775 1833 1800
1793 1803 1795
1792 1803 1793
1806 1790 1792
1792 1790 1803
1810 1808 1832
1832 1808 1776
1805 1809 1811
1832 1805 1810
1808 1812 1809
1810 1812 1808
1805 1811 1810
1811 1812 1810
1811 1809 1812
1813 846 1814
1813 1802 846
1802 1813 1815
1815 1813 1814
1796 1786 1773
820 1786 1796
1817 1819 1820
1817 1818 1819
1820 1819 1818
1821 1822 1825
1824 1823 1821
1822 1821 1823
1822 1823 1824
1824 1821 1825
1828 1830 1831
1828 1831 1826
1827 1830 1826
1829 1830 1827
1831 1830 1829
1826 1830 1828
1778 1832 1776
1835 1836 1838
1836 1835 1837
1834 1836 1837
1838 1836 1834
1837 1835 1838
1842 1841 1846
1845 1844 1842
1841 1842 1844
1839 1842 1840
1842 1846 1840
1839 1845 1842
1843 1841 1845
1845 1841 1844
1851 1850 1854
1850 1851 1848
1853 1848 1851
1847 1851 1852
1847 1853 1851
1852 1851 1854
1850 1848 1849
1854 1850 1849
1861 892 1858
1859 1861 1858
1858 1855 888
888 1859 1858
1858 892 1860
1858 1860 1855
1859 1857 1861
892 887 1860
1856 1855 1860
