0.000000000000000000e+00 0.000000000000000000e+00 0.000000000000000000e+00
0.000000000000000000e+00 1.050029999999999714e-01 1.159209999999999685e-01
2.276013770664050972e-02 8.206097665149339471e-02 1.189856375399610672e-01
5.034416473252777136e-02 1.559121733723850267e-01 8.760118119725407437e-02
1.456506395450994362e-01 6.238160084317795340e-02 6.829236973307083181e-02
1.047286378490501491e-01 2.283034340400995066e-01 7.181372540404090676e-02
1.121952550271922561e-01 2.738876186680664349e-01 5.401951685972809780e-02
1.178741575256848362e-01 2.975182089516496542e-01 4.528886709799567756e-02
1.164571943817707955e-01 3.230717533360469851e-01 4.183355092672786518e-02
1.223967533355619364e-01 2.879306301662047929e-01 5.541015496055960027e-02
1.316216336558754807e-01 3.167989937121215016e-01 4.655370842390173930e-02
1.365776246545609696e-01 3.443658726278036042e-01 4.690222107657274903e-02
1.327353208577936872e-01 3.638359493238872977e-01 5.019562417700967893e-02
1.285010020606187353e-01 2.898086637890114892e-01 6.043841730596780787e-02
1.389890459016834279e-01 3.194726287444824009e-01 5.458127333398811454e-02
1.435224055203946358e-01 3.498266064817578958e-01 5.706529569548559472e-02
1.425294293254354139e-01 3.688058293985446157e-01 6.083789052546163811e-02
1.286778876312417164e-01 2.883516212712052829e-01 6.912712213443392151e-02
1.436191625860233079e-01 3.203770258797479786e-01 6.333406738026924054e-02
1.484199439740415127e-01 3.461564582388781397e-01 6.610850900075622427e-02
1.476820084057086369e-01 3.674133069107554106e-01 7.052823881579006748e-02
1.209139884148296568e-01 2.745891137883441080e-01 7.479107276465547793e-02
1.294496350981965416e-01 3.026374123886008127e-01 7.306658955871628280e-02
1.375751303155624272e-01 3.256573222714926330e-01 7.431927166368292037e-02
1.366638019114227443e-01 3.450755327683500129e-01 7.342810297059131075e-02
-2.275993084361878013e-02 8.206090465041171456e-02 1.189852197969614722e-01
-5.034391943144315984e-02 1.559121381117827276e-01 8.760081612537901075e-02
-1.456503932052658490e-01 6.238160093191368050e-02 6.829182830507188329e-02
-1.047280867866683118e-01 2.283033510650958053e-01 7.181355659161857419e-02
-1.121944923083943169e-01 2.738876155389530775e-01 5.401946378072845778e-02
-1.178732857537305445e-01 2.975182532916838540e-01 4.528887156688525539e-02
-1.164562127850064938e-01 3.230718013840192526e-01 4.183362785709957010e-02
-1.223959347149558563e-01 2.879306651750305757e-01 5.541012683994547827e-02
-1.316206842594320192e-01 3.167990911282927424e-01 4.655374751074418255e-02
-1.365766146748408072e-01 3.443659802493304056e-01 4.690231444268039979e-02
-1.327343086942990025e-01 3.638360494463839800e-01 5.019575932818214070e-02
-1.285001825186310453e-01 2.898087100345148603e-01 6.043838610703696629e-02
-1.389880963700512728e-01 3.194727343150895460e-01 5.458130982900708666e-02
-1.435213945315533812e-01 3.498267148045679509e-01 5.706541071731327519e-02
-1.425283826710984081e-01 3.688059251488155499e-01 6.083805940938634416e-02
-1.286770858459638789e-01 2.883516442584743711e-01 6.912708667369651949e-02
-1.436182211809710341e-01 3.203771263393185298e-01 6.333410010453117966e-02
-1.484188929997554973e-01 3.461565727915606461e-01 6.610860036661611594e-02
-1.476808659106096933e-01 3.674134087698867623e-01 7.052837594985851555e-02
-1.209132509264136957e-01 2.745890891929532174e-01 7.479100982028594191e-02
-1.294487798623789321e-01 3.026374276759583593e-01 7.306659249084641872e-02
-1.375741889718453681e-01 3.256573677219674612e-01 7.431927883704261828e-02
-1.366627840942951366e-01 3.450755754960523891e-01 7.342812902267599473e-02
0.000000000000000000e+00 1.050029999999999714e-01 1.159209999999999685e-01
-1.288805355888748628e-07 1.692526184833716418e-01 3.726732894947262786e-02
-1.492182132266520521e-07 -2.387115677095422717e-01 8.218043199249136510e-02
1.705411443425584059e-04 1.704923184007409720e-01 1.065896071712497672e-01
-1.666089120310489157e-03 2.357775557085790286e-01 7.968667417259282792e-02
-1.665986748015375711e-03 2.945302338665082842e-01 5.590585210395315058e-02
-1.665925559199218139e-03 3.643829022087087255e-01 3.476402036044509702e-02
-1.665882909534458422e-03 4.420700809256724040e-01 2.240573734876747519e-02
-1.665788609209082347e-03 5.190056176950479383e-01 1.754393696216472592e-02
-1.665619613215929985e-03 5.958360199473157204e-01 1.313155226382330121e-02
-1.665414519555718804e-03 6.839070928497368307e-01 1.174416559300640178e-02
-1.665235551207288950e-03 7.608726586098077949e-01 9.844742470016053931e-03
-1.665052404645626883e-03 8.378439398992787446e-01 7.191415195894750555e-03
-1.664836055563345425e-03 9.020066883191109053e-01 7.011737243648986061e-03
-3.027641299988297898e-08 2.394238238647648787e-02 1.331915145294864655e-01
-1.095126403489132001e-09 -5.915090344585205440e-02 1.724719670419778694e-01
3.873628137155579713e-08 -1.286465793778158728e-01 1.810330106558063756e-01
5.590904662537392364e-08 -2.820084711774878961e-01 1.159533906152332289e-01
3.873628137155579713e-08 -1.286465793778158728e-01 1.810330106558063756e-01
3.583120308521214338e-08 -1.656605171480171612e-01 1.437672222333986893e-01
1.495498621318097034e-08 -1.939876696935458888e-01 1.120827239785437135e-01
3.607430402683264870e-02 -2.169365102288950131e-01 1.423710156280239281e-01
7.275117063104474813e-02 -2.638076807031701776e-01 7.951773858960486940e-02
9.134509253111261495e-02 -1.720629995663529033e-01 9.508791416593928569e-02
5.289155792509436793e-08 -3.372175351972486745e-01 3.861612391814141926e-02
9.501757471059343874e-02 -1.679783811687929063e-01 8.875816028543885572e-02
1.153975082793326917e-01 -2.568618261413897486e-01 3.314742392511806773e-02
1.118256650716606820e-01 -2.679746070632464394e-01 2.669172448333605868e-02
1.121554703529758779e-01 -2.743839367100472937e-01 2.634813904264277432e-02
1.130337306969061151e-01 -2.768013940291174091e-01 2.127488536489771653e-02
1.158622097851406685e-01 -2.705433741880406417e-01 3.218946904221230837e-02
1.211736854773495936e-01 -2.833464133818882069e-01 3.308530014899342675e-02
1.221535219939714340e-01 -2.992385357965625103e-01 3.434432737574458910e-02
1.211928736982436500e-01 -3.019162753150566592e-01 2.129686854565013970e-02
1.215565574727578424e-01 -2.693740796070226984e-01 3.636524916038556127e-02
1.295374728911415085e-01 -2.812770015968110160e-01 4.268376806829575487e-02
1.386372874052332338e-01 -2.989706538104122124e-01 3.900371329244663177e-02
1.320700684608187014e-01 -3.004033114183699560e-01 2.362117460357985449e-02
1.259648049860978003e-01 -2.668101938239797466e-01 3.600174324208146870e-02
1.357920385297186061e-01 -2.765942462025589577e-01 4.279990004612418963e-02
1.478313301781700451e-01 -2.930991018648022028e-01 3.767612798132228408e-02
1.397446022221988382e-01 -2.921101580081429394e-01 2.510762349532676824e-02
1.271536031505557940e-01 -2.589470423762581519e-01 3.025699979834308578e-02
1.351323727430187305e-01 -2.658257400129777626e-01 3.388869411545959026e-02
1.472300685805054410e-01 -2.761201034127577225e-01 3.676415696810219486e-02
1.446882728096093029e-01 -2.798933471346979340e-01 2.764950529763815501e-02
-3.607480599524293813e-02 -2.169365825675073356e-01 1.423711467389356944e-01
-7.275170412808369680e-02 -2.638078216516061003e-01 7.951793926251120304e-02
-9.134568251200822497e-02 -1.720631457270033193e-01 9.508807809772221176e-02
-5.724787115052309971e-07 -3.372176432727387874e-01 3.861629033232104324e-02
-9.501817493111226753e-02 -1.679785342219730637e-01 8.875832571041687713e-02
-1.153980983540648653e-01 -2.568620302137501477e-01 3.314766717669403312e-02
-1.118262747075620955e-01 -2.679748231725340712e-01 2.669197763230874224e-02
-1.121560855603822709e-01 -2.743841530551017760e-01 2.634840193790280796e-02
-1.130343563585891192e-01 -2.768016169637698143e-01 2.127515320998649498e-02
-1.158628121323373450e-01 -2.705435792719331767e-01 3.218973269416705585e-02
-1.211742962807380863e-01 -2.833466130453233256e-01 3.308559113092955639e-02
-1.221541430453886162e-01 -2.992387328919058898e-01 3.434464279772492940e-02
-1.211935188798734103e-01 -3.019164918645666496e-01 2.129718618361952504e-02
-1.215571518539930868e-01 -2.693742742698771453e-01 3.636552075710083182e-02
-1.295380658654420591e-01 -2.812771809860021843e-01 4.268407021477564622e-02
-1.386379003755032202e-01 -2.989708313895637626e-01 3.900405618137234298e-02
-1.320707085371189138e-01 -3.004035161653699215e-01 2.362150845054987458e-02
-1.259653979849937600e-01 -2.668103855752563813e-01 3.600201861114638024e-02
-1.357926276613024841e-01 -2.765944205547764545e-01 4.280020604667685025e-02
-1.478319408193061180e-01 -2.930992741878400976e-01 3.767647798649769592e-02
-1.397452485624932073e-01 -2.921103467581511182e-01 2.510794923877186086e-02
-1.271541997327099993e-01 -2.589472414380410425e-01 3.025726590263028495e-02
-1.351329685455153751e-01 -2.658259276548679551e-01 3.388898356266931144e-02
-1.472306675408678878e-01 -2.761202775115158548e-01 3.676448161462126524e-02
-1.446888821243037249e-01 -2.798935224208992656e-01 2.764982754823158001e-02
-4.252930174922722067e-07 -2.394013424069939833e-01 5.122078950812129078e-02
-2.875624475034646822e-07 -9.160200641171584168e-02 1.021040897974684059e-01
-5.606265579571192543e-09 -2.206150695889282920e-01 8.607676360767940738e-02
1.814058133245480587e-08 -2.526897738648075653e-01 8.809279674588116338e-02
5.357159343760614293e-08 -2.820080287189665746e-01 1.159538440575907936e-01
-6.687746862232182843e-02 -2.882224757997117748e-01 1.214569535134333161e-01
-9.385866575068019246e-02 -2.466192393343885625e-01 1.650484922122572307e-01
-1.478745542660108991e-01 -2.244575219024141921e-01 1.921503413994378184e-01
6.687773431919102896e-02 -2.882224868251158645e-01 1.214572265873923862e-01
9.385885683160788417e-02 -2.466192351359753898e-01 1.650487969406152500e-01
1.478746468448648987e-01 -2.244573425656269661e-01 1.921506992344405584e-01
1.859129987877433652e-07 -4.235287731222786567e-01 4.541736747621574755e-02
2.212606917195736818e-07 -4.531540018306789430e-01 2.750009346553755618e-02
9.202039750249854745e-08 -2.904949749172209272e-01 8.544086643779012780e-02
1.299075687236030371e-07 -3.389258050651500764e-01 6.852202214567014449e-02
-1.194513899302233720e-07 -3.372174606063985669e-01 3.861588729225425010e-02
3.684444530414119064e-07 -3.955701699156368156e-01 3.375221943419751125e-02
3.874201497539398132e-07 -4.098941699156162244e-01 3.375220429245170267e-02
-5.029742958077284208e-07 -3.477451959971677997e-01 5.460972199175188890e-02
-4.741552802091688931e-07 -3.652383058556919471e-01 4.952899729179279648e-02
-4.568200939313787447e-07 -3.955705482872221013e-01 3.375207842039783246e-02
